# DESCRIPTION: Verilator output: Timestamp data for --skip-identical.  Delete at will.
C "--cc --exe --build --trace --debug my_exor_sim.cpp my_exor.v"
S  96767328  5510302  1670255541   846965845  1670255541   846965845 "/usr/local/bin/verilator_bin_dbg"
S       309  9185933  1670663978   464289892  1670663978   464289892 "my_exor.v"
T      4864  9186014  1670664022   540006089  1670664022   540006089 "obj_dir/Vmy_exor.cpp"
T      2974  9186013  1670664022   540006089  1670664022   540006089 "obj_dir/Vmy_exor.h"
T      1856  9186026  1670664022   544006070  1670664022   544006070 "obj_dir/Vmy_exor.mk"
T     32405  9186023  1670664022   544006070  1670664022   544006070 "obj_dir/Vmy_exor.xml"
T      4072  9185943  1670664022   520006182  1670664022   520006182 "obj_dir/Vmy_exor_001_cells.tree"
T      4407  9185944  1670664022   520006182  1670664022   520006182 "obj_dir/Vmy_exor_006_linkjump.tree"
T        87  9185945  1670664022   520006182  1670664022   520006182 "obj_dir/Vmy_exor_007_linkinc.tree"
T      4384  9185946  1670664022   520006182  1670664022   520006182 "obj_dir/Vmy_exor_009_linkdotparam.tree"
T      5507  9185947  1670664022   524006164  1670664022   524006164 "obj_dir/Vmy_exor_011_width.tree"
T      5580  9185948  1670664022   524006164  1670664022   524006164 "obj_dir/Vmy_exor_013_const.tree"
T        87  9185949  1670664022   524006164  1670664022   524006164 "obj_dir/Vmy_exor_014_assertpre.tree"
T        87  9185950  1670664022   524006164  1670664022   524006164 "obj_dir/Vmy_exor_015_assert.tree"
T      6997  9185951  1670664022   524006164  1670664022   524006164 "obj_dir/Vmy_exor_017_const.tree"
T      6862  9185952  1670664022   524006164  1670664022   524006164 "obj_dir/Vmy_exor_022_begin.tree"
T        87  9185953  1670664022   524006164  1670664022   524006164 "obj_dir/Vmy_exor_023_tristate.tree"
T        87  9185954  1670664022   524006164  1670664022   524006164 "obj_dir/Vmy_exor_024_unknown.tree"
T        87  9185955  1670664022   524006164  1670664022   524006164 "obj_dir/Vmy_exor_025_dfg-extract.tree"
T      6916  9185956  1670664022   524006164  1670664022   524006164 "obj_dir/Vmy_exor_026_dfg-optimize.tree"
T      7231  9185957  1670664022   524006164  1670664022   524006164 "obj_dir/Vmy_exor_027_inline.tree"
T      7303  9185958  1670664022   524006164  1670664022   524006164 "obj_dir/Vmy_exor_029_dfg-optimize.tree"
T        87  9185959  1670664022   524006164  1670664022   524006164 "obj_dir/Vmy_exor_030_const.tree"
T      6849  9185960  1670664022   524006164  1670664022   524006164 "obj_dir/Vmy_exor_031_deadDtypes.tree"
T        87  9185961  1670664022   524006164  1670664022   524006164 "obj_dir/Vmy_exor_032_inst.tree"
T        87  9185962  1670664022   524006164  1670664022   524006164 "obj_dir/Vmy_exor_033_const.tree"
T     10102  9185963  1670664022   524006164  1670664022   524006164 "obj_dir/Vmy_exor_034_scope.tree"
T      9983  9185964  1670664022   524006164  1670664022   524006164 "obj_dir/Vmy_exor_035_linkdot.tree"
T        87  9185965  1670664022   524006164  1670664022   524006164 "obj_dir/Vmy_exor_036_class.tree"
T        87  9185966  1670664022   524006164  1670664022   524006164 "obj_dir/Vmy_exor_037_const.tree"
T        87  9185967  1670664022   524006164  1670664022   524006164 "obj_dir/Vmy_exor_038_deadDtypesScoped.tree"
T     16584  9185968  1670664022   524006164  1670664022   524006164 "obj_dir/Vmy_exor_039_case.tree"
T        87  9185969  1670664022   524006164  1670664022   524006164 "obj_dir/Vmy_exor_040_task.tree"
T     16431  9185970  1670664022   524006164  1670664022   524006164 "obj_dir/Vmy_exor_042_unroll.tree"
T        87  9185971  1670664022   524006164  1670664022   524006164 "obj_dir/Vmy_exor_043_slice.tree"
T     10304  9185972  1670664022   524006164  1670664022   524006164 "obj_dir/Vmy_exor_044_const.tree"
T        89  9185973  1670664022   524006164  1670664022   524006164 "obj_dir/Vmy_exor_045_life.tree"
T     11820  9185974  1670664022   524006164  1670664022   524006164 "obj_dir/Vmy_exor_046_table.tree"
T        89  9185975  1670664022   524006164  1670664022   524006164 "obj_dir/Vmy_exor_047_const.tree"
T     10296  9185976  1670664022   528006145  1670664022   528006145 "obj_dir/Vmy_exor_048_deadDtypesScoped.tree"
T      9835  9185977  1670664022   528006145  1670664022   528006145 "obj_dir/Vmy_exor_049_active.tree"
T        89  9185978  1670664022   528006145  1670664022   528006145 "obj_dir/Vmy_exor_050_split.tree"
T        89  9185979  1670664022   528006145  1670664022   528006145 "obj_dir/Vmy_exor_051_splitas.tree"
T     12850  9185980  1670664022   528006145  1670664022   528006145 "obj_dir/Vmy_exor_052_tracedecl.tree"
T     10704  9185981  1670664022   528006145  1670664022   528006145 "obj_dir/Vmy_exor_053_gate.tree"
T        89  9185982  1670664022   528006145  1670664022   528006145 "obj_dir/Vmy_exor_054_const.tree"
T      9409  9185983  1670664022   528006145  1670664022   528006145 "obj_dir/Vmy_exor_055_deadAllScoped.tree"
T        89  9185984  1670664022   528006145  1670664022   528006145 "obj_dir/Vmy_exor_056_reorder.tree"
T        89  9185985  1670664022   528006145  1670664022   528006145 "obj_dir/Vmy_exor_057_delayed.tree"
T      9401  9185986  1670664022   528006145  1670664022   528006145 "obj_dir/Vmy_exor_058_activetop.tree"
T     51968  9185987  1670664022   528006145  1670664022   528006145 "obj_dir/Vmy_exor_059_sched.tree"
T     49304  9185988  1670664022   528006145  1670664022   528006145 "obj_dir/Vmy_exor_060_clock.tree"
T     49669  9185989  1670664022   532006126  1670664022   532006126 "obj_dir/Vmy_exor_061_const.tree"
T        89  9185990  1670664022   532006126  1670664022   532006126 "obj_dir/Vmy_exor_062_life.tree"
T        89  9185991  1670664022   532006126  1670664022   532006126 "obj_dir/Vmy_exor_063_life_post.tree"
T     50260  9185992  1670664022   532006126  1670664022   532006126 "obj_dir/Vmy_exor_064_const.tree"
T        89  9185993  1670664022   532006126  1670664022   532006126 "obj_dir/Vmy_exor_065_deadAllScoped.tree"
T     56464  9185994  1670664022   532006126  1670664022   532006126 "obj_dir/Vmy_exor_066_trace.tree"
T     43476  9185995  1670664022   532006126  1670664022   532006126 "obj_dir/Vmy_exor_068_descope.tree"
T     41767  9185996  1670664022   532006126  1670664022   532006126 "obj_dir/Vmy_exor_069_combine.tree"
T     41629  9185997  1670664022   536006107  1670664022   536006107 "obj_dir/Vmy_exor_070_const.tree"
T     40733  9185998  1670664022   536006107  1670664022   536006107 "obj_dir/Vmy_exor_071_deadAll.tree"
T     42390  9185999  1670664022   536006107  1670664022   536006107 "obj_dir/Vmy_exor_072_clean.tree"
T     44662  9186000  1670664022   536006107  1670664022   536006107 "obj_dir/Vmy_exor_073_premit.tree"
T     44799  9186001  1670664022   536006107  1670664022   536006107 "obj_dir/Vmy_exor_074_expand.tree"
T        89  9186002  1670664022   536006107  1670664022   536006107 "obj_dir/Vmy_exor_075_const_cpp.tree"
T     42851  9186003  1670664022   536006107  1670664022   536006107 "obj_dir/Vmy_exor_076_subst.tree"
T        89  9186004  1670664022   536006107  1670664022   536006107 "obj_dir/Vmy_exor_077_const_cpp.tree"
T     42218  9186005  1670664022   540006089  1670664022   540006089 "obj_dir/Vmy_exor_078_deadAll.tree"
T     43142  9186006  1670664022   540006089  1670664022   540006089 "obj_dir/Vmy_exor_082_cast.tree"
T     46201  9186007  1670664022   540006089  1670664022   540006089 "obj_dir/Vmy_exor_083_common.tree"
T     46256  9186008  1670664022   540006089  1670664022   540006089 "obj_dir/Vmy_exor_084_variableorder.tree"
T        89  9186009  1670664022   540006089  1670664022   540006089 "obj_dir/Vmy_exor_085_cuse.tree"
T     47553  9186027  1670664022   544006070  1670664022   544006070 "obj_dir/Vmy_exor_990_final.tree"
T       221  9186012  1670664022   540006089  1670664022   540006089 "obj_dir/Vmy_exor__ConstPool_0.cpp"
T       770  9186010  1670664022   540006089  1670664022   540006089 "obj_dir/Vmy_exor__Syms.cpp"
T      1109  9186011  1670664022   540006089  1670664022   540006089 "obj_dir/Vmy_exor__Syms.h"
T      1768  9186022  1670664022   544006070  1670664022   544006070 "obj_dir/Vmy_exor__Trace__0.cpp"
T      3153  9186021  1670664022   540006089  1670664022   540006089 "obj_dir/Vmy_exor__Trace__0__Slow.cpp"
T      1045  9186015  1670664022   540006089  1670664022   540006089 "obj_dir/Vmy_exor___024root.h"
T      5397  9186020  1670664022   540006089  1670664022   540006089 "obj_dir/Vmy_exor___024root__DepSet_h418ca71c__0.cpp"
T      5587  9186018  1670664022   540006089  1670664022   540006089 "obj_dir/Vmy_exor___024root__DepSet_h418ca71c__0__Slow.cpp"
T      1425  9186019  1670664022   540006089  1670664022   540006089 "obj_dir/Vmy_exor___024root__DepSet_he6958275__0.cpp"
T       873  9186017  1670664022   540006089  1670664022   540006089 "obj_dir/Vmy_exor___024root__DepSet_he6958275__0__Slow.cpp"
T       656  9186016  1670664022   540006089  1670664022   540006089 "obj_dir/Vmy_exor___024root__Slow.cpp"
T     57231  9186024  1670664022   544006070  1670664022   544006070 "obj_dir/Vmy_exor__stats.txt"
T      3015  9186028  1670664022   544006070  1670664022   544006070 "obj_dir/Vmy_exor__ver.d"
T         0        0  1670664022   544006070  1670664022   544006070 "obj_dir/Vmy_exor__verFiles.dat"
T      1747  9186025  1670664022   544006070  1670664022   544006070 "obj_dir/Vmy_exor_classes.mk"
T       405  9185942  1670664022   520006182  1670664022   520006182 "obj_dir/Vmy_exor_my_exor.v.vpp"
