# DESCRIPTION: Verilator output: Timestamp data for --skip-identical.  Delete at will.
C "--cc --exe --build --trace --debug encode_32to5_for_sim.cpp encode_32to5_for.v"
S  96767328  5510302  1670255541   846965845  1670255541   846965845 "/usr/local/bin/verilator_bin_dbg"
S       434  9184890  1670509902   378354113  1670509902   378354113 "encode_32to5_for.v"
T      5316  9184970  1670509927   258792870  1670509927   258792870 "obj_dir/Vencode_32to5_for.cpp"
T      3074  9184969  1670509927   258792870  1670509927   258792870 "obj_dir/Vencode_32to5_for.h"
T      1937  9184982  1670509927   262792941  1670509927   262792941 "obj_dir/Vencode_32to5_for.mk"
T     49861  9184979  1670509927   262792941  1670509927   262792941 "obj_dir/Vencode_32to5_for.xml"
T      5853  9184900  1670509927   214792087  1670509927   214792087 "obj_dir/Vencode_32to5_for_001_cells.tree"
T      6875  9184901  1670509927   214792087  1670509927   214792087 "obj_dir/Vencode_32to5_for_006_linkjump.tree"
T        87  9184902  1670509927   214792087  1670509927   214792087 "obj_dir/Vencode_32to5_for_007_linkinc.tree"
T      6848  9184903  1670509927   218792158  1670509927   218792158 "obj_dir/Vencode_32to5_for_009_linkdotparam.tree"
T      8543  9184904  1670509927   218792158  1670509927   218792158 "obj_dir/Vencode_32to5_for_011_width.tree"
T      7995  9184905  1670509927   218792158  1670509927   218792158 "obj_dir/Vencode_32to5_for_013_const.tree"
T        87  9184906  1670509927   218792158  1670509927   218792158 "obj_dir/Vencode_32to5_for_014_assertpre.tree"
T        87  9184907  1670509927   218792158  1670509927   218792158 "obj_dir/Vencode_32to5_for_015_assert.tree"
T      9451  9184908  1670509927   218792158  1670509927   218792158 "obj_dir/Vencode_32to5_for_017_const.tree"
T      9054  9184909  1670509927   218792158  1670509927   218792158 "obj_dir/Vencode_32to5_for_022_begin.tree"
T        87  9184910  1670509927   218792158  1670509927   218792158 "obj_dir/Vencode_32to5_for_023_tristate.tree"
T      9050  9184911  1670509927   218792158  1670509927   218792158 "obj_dir/Vencode_32to5_for_024_unknown.tree"
T        87  9184912  1670509927   218792158  1670509927   218792158 "obj_dir/Vencode_32to5_for_025_dfg-extract.tree"
T      9148  9184913  1670509927   218792158  1670509927   218792158 "obj_dir/Vencode_32to5_for_026_dfg-optimize.tree"
T      9749  9184914  1670509927   218792158  1670509927   218792158 "obj_dir/Vencode_32to5_for_027_inline.tree"
T      9863  9184915  1670509927   222792229  1670509927   222792229 "obj_dir/Vencode_32to5_for_029_dfg-optimize.tree"
T      9565  9184916  1670509927   222792229  1670509927   222792229 "obj_dir/Vencode_32to5_for_030_const.tree"
T      8609  9184917  1670509927   222792229  1670509927   222792229 "obj_dir/Vencode_32to5_for_031_deadDtypes.tree"
T        87  9184918  1670509927   222792229  1670509927   222792229 "obj_dir/Vencode_32to5_for_032_inst.tree"
T        87  9184919  1670509927   222792229  1670509927   222792229 "obj_dir/Vencode_32to5_for_033_const.tree"
T     12780  9184920  1670509927   222792229  1670509927   222792229 "obj_dir/Vencode_32to5_for_034_scope.tree"
T     12638  9184921  1670509927   222792229  1670509927   222792229 "obj_dir/Vencode_32to5_for_035_linkdot.tree"
T        87  9184922  1670509927   222792229  1670509927   222792229 "obj_dir/Vencode_32to5_for_036_class.tree"
T        87  9184923  1670509927   222792229  1670509927   222792229 "obj_dir/Vencode_32to5_for_037_const.tree"
T        87  9184924  1670509927   222792229  1670509927   222792229 "obj_dir/Vencode_32to5_for_038_deadDtypesScoped.tree"
T        87  9184925  1670509927   222792229  1670509927   222792229 "obj_dir/Vencode_32to5_for_039_case.tree"
T        87  9184926  1670509927   222792229  1670509927   222792229 "obj_dir/Vencode_32to5_for_040_task.tree"
T     83669  9184927  1670509927   222792229  1670509927   222792229 "obj_dir/Vencode_32to5_for_042_unroll.tree"
T        89  9184928  1670509927   222792229  1670509927   222792229 "obj_dir/Vencode_32to5_for_043_slice.tree"
T     60390  9184929  1670509927   226792301  1670509927   226792301 "obj_dir/Vencode_32to5_for_044_const.tree"
T     43879  9184930  1670509927   226792301  1670509927   226792301 "obj_dir/Vencode_32to5_for_045_life.tree"
T        89  9184931  1670509927   226792301  1670509927   226792301 "obj_dir/Vencode_32to5_for_046_table.tree"
T        89  9184932  1670509927   226792301  1670509927   226792301 "obj_dir/Vencode_32to5_for_047_const.tree"
T     43656  9184933  1670509927   226792301  1670509927   226792301 "obj_dir/Vencode_32to5_for_048_deadDtypesScoped.tree"
T     43887  9184934  1670509927   226792301  1670509927   226792301 "obj_dir/Vencode_32to5_for_049_active.tree"
T     44194  9184935  1670509927   230792371  1670509927   230792371 "obj_dir/Vencode_32to5_for_050_split.tree"
T        91  9184936  1670509927   230792371  1670509927   230792371 "obj_dir/Vencode_32to5_for_051_splitas.tree"
T     47716  9184937  1670509927   230792371  1670509927   230792371 "obj_dir/Vencode_32to5_for_052_tracedecl.tree"
T     45394  9184938  1670509927   230792371  1670509927   230792371 "obj_dir/Vencode_32to5_for_053_gate.tree"
T        91  9184939  1670509927   230792371  1670509927   230792371 "obj_dir/Vencode_32to5_for_054_const.tree"
T     44334  9184940  1670509927   230792371  1670509927   230792371 "obj_dir/Vencode_32to5_for_055_deadAllScoped.tree"
T        91  9184941  1670509927   230792371  1670509927   230792371 "obj_dir/Vencode_32to5_for_056_reorder.tree"
T        91  9184942  1670509927   230792371  1670509927   230792371 "obj_dir/Vencode_32to5_for_057_delayed.tree"
T     44326  9184943  1670509927   230792371  1670509927   230792371 "obj_dir/Vencode_32to5_for_058_activetop.tree"
T    121904  9184944  1670509927   234792442  1670509927   234792442 "obj_dir/Vencode_32to5_for_059_sched.tree"
T    119211  9184945  1670509927   234792442  1670509927   234792442 "obj_dir/Vencode_32to5_for_060_clock.tree"
T    119580  9184946  1670509927   238792514  1670509927   238792514 "obj_dir/Vencode_32to5_for_061_const.tree"
T        91  9184947  1670509927   238792514  1670509927   238792514 "obj_dir/Vencode_32to5_for_062_life.tree"
T        91  9184948  1670509927   238792514  1670509927   238792514 "obj_dir/Vencode_32to5_for_063_life_post.tree"
T    121053  9184949  1670509927   238792514  1670509927   238792514 "obj_dir/Vencode_32to5_for_064_const.tree"
T        91  9184950  1670509927   238792514  1670509927   238792514 "obj_dir/Vencode_32to5_for_065_deadAllScoped.tree"
T    127244  9184951  1670509927   242792585  1670509927   242792585 "obj_dir/Vencode_32to5_for_066_trace.tree"
T     98776  9184952  1670509927   242792585  1670509927   242792585 "obj_dir/Vencode_32to5_for_068_descope.tree"
T     69818  9184953  1670509927   246792656  1670509927   246792656 "obj_dir/Vencode_32to5_for_069_combine.tree"
T     69674  9184954  1670509927   246792656  1670509927   246792656 "obj_dir/Vencode_32to5_for_070_const.tree"
T     68863  9184955  1670509927   246792656  1670509927   246792656 "obj_dir/Vencode_32to5_for_071_deadAll.tree"
T     77503  9184956  1670509927   246792656  1670509927   246792656 "obj_dir/Vencode_32to5_for_072_clean.tree"
T     79579  9184957  1670509927   250792727  1670509927   250792727 "obj_dir/Vencode_32to5_for_073_premit.tree"
T     76571  9184958  1670509927   250792727  1670509927   250792727 "obj_dir/Vencode_32to5_for_074_expand.tree"
T     70751  9184959  1670509927   250792727  1670509927   250792727 "obj_dir/Vencode_32to5_for_075_const_cpp.tree"
T     68697  9184960  1670509927   254792799  1670509927   254792799 "obj_dir/Vencode_32to5_for_076_subst.tree"
T        91  9184961  1670509927   254792799  1670509927   254792799 "obj_dir/Vencode_32to5_for_077_const_cpp.tree"
T     68058  9184962  1670509927   254792799  1670509927   254792799 "obj_dir/Vencode_32to5_for_078_deadAll.tree"
T     68576  9184963  1670509927   254792799  1670509927   254792799 "obj_dir/Vencode_32to5_for_082_cast.tree"
T     71414  9184964  1670509927   258792870  1670509927   258792870 "obj_dir/Vencode_32to5_for_083_common.tree"
T     71695  9184965  1670509927   258792870  1670509927   258792870 "obj_dir/Vencode_32to5_for_084_variableorder.tree"
T        91  9184966  1670509927   258792870  1670509927   258792870 "obj_dir/Vencode_32to5_for_085_cuse.tree"
T     72975  9184983  1670509927   262792941  1670509927   262792941 "obj_dir/Vencode_32to5_for_990_final.tree"
T       842  9184967  1670509927   258792870  1670509927   258792870 "obj_dir/Vencode_32to5_for__Syms.cpp"
T      1190  9184968  1670509927   258792870  1670509927   258792870 "obj_dir/Vencode_32to5_for__Syms.h"
T      2006  9184978  1670509927   258792870  1670509927   258792870 "obj_dir/Vencode_32to5_for__Trace__0.cpp"
T      3597  9184977  1670509927   258792870  1670509927   258792870 "obj_dir/Vencode_32to5_for__Trace__0__Slow.cpp"
T      1180  9184971  1670509927   258792870  1670509927   258792870 "obj_dir/Vencode_32to5_for___024root.h"
T      8074  9184976  1670509927   258792870  1670509927   258792870 "obj_dir/Vencode_32to5_for___024root__DepSet_h342bc1ec__0.cpp"
T      6144  9184974  1670509927   258792870  1670509927   258792870 "obj_dir/Vencode_32to5_for___024root__DepSet_h342bc1ec__0__Slow.cpp"
T      1578  9184975  1670509927   258792870  1670509927   258792870 "obj_dir/Vencode_32to5_for___024root__DepSet_hde6731cb__0.cpp"
T       963  9184973  1670509927   258792870  1670509927   258792870 "obj_dir/Vencode_32to5_for___024root__DepSet_hde6731cb__0__Slow.cpp"
T       764  9184972  1670509927   258792870  1670509927   258792870 "obj_dir/Vencode_32to5_for___024root__Slow.cpp"
T     57148  9184980  1670509927   262792941  1670509927   262792941 "obj_dir/Vencode_32to5_for__stats.txt"
T      3773  9184984  1670509927   262792941  1670509927   262792941 "obj_dir/Vencode_32to5_for__ver.d"
T         0        0  1670509927   262792941  1670509927   262792941 "obj_dir/Vencode_32to5_for__verFiles.dat"
T      1812  9184981  1670509927   262792941  1670509927   262792941 "obj_dir/Vencode_32to5_for_classes.mk"
T       526  9184899  1670509927   214792087  1670509927   214792087 "obj_dir/Vencode_32to5_for_encode_32to5_for.v.vpp"
