# DESCRIPTION: Verilator output: Timestamp data for --skip-identical.  Delete at will.
C "--cc --exe --build --trace --debug SubCounter2bit_sim.cpp SubCounter2bit.v"
S  75996664  1184901  1673012804   619448687  1673012804   619448687 "/usr/local/bin/verilator_bin_dbg"
S       213 10621187  1673151135   383311900  1673151135   383311900 "SubCounter2bit.v"
T      5593 10621278  1673151237   907349295  1673151237   907349295 "obj_dir/VSubCounter2bit.cpp"
T      2807 10621277  1673151237   907349295  1673151237   907349295 "obj_dir/VSubCounter2bit.h"
T      1919 10621287  1673151237   907349295  1673151237   907349295 "obj_dir/VSubCounter2bit.mk"
T     11060 10621284  1673151237   907349295  1673151237   907349295 "obj_dir/VSubCounter2bit.xml"
T       143 10621200  1673151237   891348667  1673151237   891348667 "obj_dir/VSubCounter2bit_001_linkcells.dot"
T      2949 10621201  1673151237   891348667  1673151237   891348667 "obj_dir/VSubCounter2bit_002_cells.tree"
T      3103 10621202  1673151237   891348667  1673151237   891348667 "obj_dir/VSubCounter2bit_007_link.tree"
T        87 10621203  1673151237   891348667  1673151237   891348667 "obj_dir/VSubCounter2bit_008_linkInc.tree"
T        87 10621204  1673151237   891348667  1673151237   891348667 "obj_dir/VSubCounter2bit_010_paramlink.tree"
T      4347 10621205  1673151237   891348667  1673151237   891348667 "obj_dir/VSubCounter2bit_012_width.tree"
T      4039 10621206  1673151237   891348667  1673151237   891348667 "obj_dir/VSubCounter2bit_014_const.tree"
T        87 10621207  1673151237   891348667  1673151237   891348667 "obj_dir/VSubCounter2bit_015_assertpre.tree"
T        87 10621208  1673151237   891348667  1673151237   891348667 "obj_dir/VSubCounter2bit_016_assert.tree"
T      4950 10621209  1673151237   895348824  1673151237   895348824 "obj_dir/VSubCounter2bit_018_const.tree"
T      4867 10621210  1673151237   895348824  1673151237   895348824 "obj_dir/VSubCounter2bit_023_begin.tree"
T        87 10621211  1673151237   895348824  1673151237   895348824 "obj_dir/VSubCounter2bit_024_tristate.tree"
T        87 10621212  1673151237   895348824  1673151237   895348824 "obj_dir/VSubCounter2bit_025_unknown.tree"
T      5234 10621213  1673151237   895348824  1673151237   895348824 "obj_dir/VSubCounter2bit_026_inline.tree"
T        87 10621214  1673151237   895348824  1673151237   895348824 "obj_dir/VSubCounter2bit_028_const.tree"
T      4205 10621215  1673151237   895348824  1673151237   895348824 "obj_dir/VSubCounter2bit_029_deadDtypes.tree"
T        87 10621216  1673151237   895348824  1673151237   895348824 "obj_dir/VSubCounter2bit_030_inst.tree"
T        87 10621217  1673151237   895348824  1673151237   895348824 "obj_dir/VSubCounter2bit_031_const.tree"
T      6499 10621218  1673151237   895348824  1673151237   895348824 "obj_dir/VSubCounter2bit_032_scope.tree"
T      6371 10621219  1673151237   895348824  1673151237   895348824 "obj_dir/VSubCounter2bit_033_linkdot.tree"
T        87 10621220  1673151237   895348824  1673151237   895348824 "obj_dir/VSubCounter2bit_034_class.tree"
T        87 10621221  1673151237   895348824  1673151237   895348824 "obj_dir/VSubCounter2bit_035_const.tree"
T        87 10621222  1673151237   895348824  1673151237   895348824 "obj_dir/VSubCounter2bit_036_deadDtypesScoped.tree"
T        87 10621223  1673151237   895348824  1673151237   895348824 "obj_dir/VSubCounter2bit_037_case.tree"
T       189 10621224  1673151237   895348824  1673151237   895348824 "obj_dir/VSubCounter2bit_038_task_call.dot"
T        87 10621225  1673151237   895348824  1673151237   895348824 "obj_dir/VSubCounter2bit_039_task.tree"
T      6429 10621226  1673151237   895348824  1673151237   895348824 "obj_dir/VSubCounter2bit_041_unroll.tree"
T        87 10621227  1673151237   895348824  1673151237   895348824 "obj_dir/VSubCounter2bit_042_slice.tree"
T        87 10621228  1673151237   895348824  1673151237   895348824 "obj_dir/VSubCounter2bit_043_const.tree"
T        87 10621229  1673151237   895348824  1673151237   895348824 "obj_dir/VSubCounter2bit_044_life.tree"
T        87 10621230  1673151237   895348824  1673151237   895348824 "obj_dir/VSubCounter2bit_045_table.tree"
T        87 10621231  1673151237   895348824  1673151237   895348824 "obj_dir/VSubCounter2bit_046_const.tree"
T        87 10621232  1673151237   895348824  1673151237   895348824 "obj_dir/VSubCounter2bit_047_deadDtypesScoped.tree"
T      6804 10621233  1673151237   895348824  1673151237   895348824 "obj_dir/VSubCounter2bit_048_active.tree"
T        87 10621234  1673151237   895348824  1673151237   895348824 "obj_dir/VSubCounter2bit_049_split.tree"
T        87 10621235  1673151237   899348980  1673151237   899348980 "obj_dir/VSubCounter2bit_050_splitas.tree"
T      9372 10621236  1673151237   899348980  1673151237   899348980 "obj_dir/VSubCounter2bit_051_tracedecl.tree"
T      2356 10621237  1673151237   899348980  1673151237   899348980 "obj_dir/VSubCounter2bit_052_gate_simp.dot"
T      2185 10621238  1673151237   899348980  1673151237   899348980 "obj_dir/VSubCounter2bit_053_gate_opt.dot"
T      7234 10621239  1673151237   899348980  1673151237   899348980 "obj_dir/VSubCounter2bit_054_gate.tree"
T        87 10621240  1673151237   899348980  1673151237   899348980 "obj_dir/VSubCounter2bit_055_const.tree"
T      6262 10621241  1673151237   899348980  1673151237   899348980 "obj_dir/VSubCounter2bit_056_deadAllScoped.tree"
T        87 10621242  1673151237   899348980  1673151237   899348980 "obj_dir/VSubCounter2bit_057_reorder.tree"
T      7907 10621243  1673151237   899348980  1673151237   899348980 "obj_dir/VSubCounter2bit_058_delayed.tree"
T      8084 10621244  1673151237   899348980  1673151237   899348980 "obj_dir/VSubCounter2bit_059_activetop.tree"
T      2978 10621245  1673151237   899348980  1673151237   899348980 "obj_dir/VSubCounter2bit_060_orderg_pre.dot"
T       278 10621246  1673151237   899348980  1673151237   899348980 "obj_dir/VSubCounter2bit_061_acyc_simp.dot"
T      2901 10621247  1673151237   899348980  1673151237   899348980 "obj_dir/VSubCounter2bit_062_orderg_acyc.dot"
T      2996 10621248  1673151237   899348980  1673151237   899348980 "obj_dir/VSubCounter2bit_063_orderg_order.dot"
T      2997 10621249  1673151237   899348980  1673151237   899348980 "obj_dir/VSubCounter2bit_064_orderg_domain.dot"
T       740 10621250  1673151237   899348980  1673151237   899348980 "obj_dir/VSubCounter2bit_065_order_edges.txt"
T      2995 10621251  1673151237   899348980  1673151237   899348980 "obj_dir/VSubCounter2bit_066_orderg_done.dot"
T      8319 10621252  1673151237   899348980  1673151237   899348980 "obj_dir/VSubCounter2bit_067_order.tree"
T        87 10621253  1673151237   899348980  1673151237   899348980 "obj_dir/VSubCounter2bit_068_genclk.tree"
T      9863 10621254  1673151237   899348980  1673151237   899348980 "obj_dir/VSubCounter2bit_069_clock.tree"
T        87 10621255  1673151237   899348980  1673151237   899348980 "obj_dir/VSubCounter2bit_070_const.tree"
T        87 10621256  1673151237   899348980  1673151237   899348980 "obj_dir/VSubCounter2bit_071_life.tree"
T      9211 10621257  1673151237   899348980  1673151237   899348980 "obj_dir/VSubCounter2bit_072_life_post.tree"
T      8587 10621258  1673151237   899348980  1673151237   899348980 "obj_dir/VSubCounter2bit_073_const.tree"
T      8310 10621259  1673151237   903349138  1673151237   903349138 "obj_dir/VSubCounter2bit_074_deadAllScoped.tree"
T      8681 10621260  1673151237   903349138  1673151237   903349138 "obj_dir/VSubCounter2bit_075_changed.tree"
T     14804 10621261  1673151237   903349138  1673151237   903349138 "obj_dir/VSubCounter2bit_076_trace.tree"
T     12241 10621262  1673151237   903349138  1673151237   903349138 "obj_dir/VSubCounter2bit_078_descope.tree"
T        89 10621263  1673151237   903349138  1673151237   903349138 "obj_dir/VSubCounter2bit_079_combine.tree"
T     12084 10621264  1673151237   903349138  1673151237   903349138 "obj_dir/VSubCounter2bit_080_const.tree"
T     11768 10621265  1673151237   903349138  1673151237   903349138 "obj_dir/VSubCounter2bit_081_deadAll.tree"
T     12797 10621266  1673151237   903349138  1673151237   903349138 "obj_dir/VSubCounter2bit_082_clean.tree"
T     13305 10621267  1673151237   903349138  1673151237   903349138 "obj_dir/VSubCounter2bit_083_premit.tree"
T        89 10621268  1673151237   903349138  1673151237   903349138 "obj_dir/VSubCounter2bit_084_expand.tree"
T     13302 10621269  1673151237   903349138  1673151237   903349138 "obj_dir/VSubCounter2bit_085_const_cpp.tree"
T     12856 10621270  1673151237   903349138  1673151237   903349138 "obj_dir/VSubCounter2bit_086_subst.tree"
T        89 10621271  1673151237   903349138  1673151237   903349138 "obj_dir/VSubCounter2bit_087_const_cpp.tree"
T     12680 10621272  1673151237   903349138  1673151237   903349138 "obj_dir/VSubCounter2bit_088_deadAll.tree"
T     13140 10621273  1673151237   907349295  1673151237   907349295 "obj_dir/VSubCounter2bit_092_cast.tree"
T     15329 10621274  1673151237   907349295  1673151237   907349295 "obj_dir/VSubCounter2bit_093_cuse.tree"
T     16222 10621288  1673151237   907349295  1673151237   907349295 "obj_dir/VSubCounter2bit_990_final.tree"
T       360 10621199  1673151237   891348667  1673151237   891348667 "obj_dir/VSubCounter2bit_SubCounter2bit.vpp"
T       825 10621275  1673151237   907349295  1673151237   907349295 "obj_dir/VSubCounter2bit__Syms.cpp"
T      1178 10621276  1673151237   907349295  1673151237   907349295 "obj_dir/VSubCounter2bit__Syms.h"
T      1657 10621280  1673151237   907349295  1673151237   907349295 "obj_dir/VSubCounter2bit__Trace.cpp"
T      3090 10621279  1673151237   907349295  1673151237   907349295 "obj_dir/VSubCounter2bit__Trace__Slow.cpp"
T      2700 10621283  1673151237   907349295  1673151237   907349295 "obj_dir/VSubCounter2bit___024root.cpp"
T      1000 10621281  1673151237   907349295  1673151237   907349295 "obj_dir/VSubCounter2bit___024root.h"
T      2136 10621282  1673151237   907349295  1673151237   907349295 "obj_dir/VSubCounter2bit___024root__Slow.cpp"
T     23921 10621285  1673151237   907349295  1673151237   907349295 "obj_dir/VSubCounter2bit__stats.txt"
T      3704 10621289  1673151237   907349295  1673151237   907349295 "obj_dir/VSubCounter2bit__ver.d"
T         0        0  1673151237   907349295  1673151237   907349295 "obj_dir/VSubCounter2bit__verFiles.dat"
T      1740 10621286  1673151237   907349295  1673151237   907349295 "obj_dir/VSubCounter2bit_classes.mk"
