# DESCRIPTION: Verilator output: Timestamp data for --skip-identical.  Delete at will.
C "--cc --exe --build --trace --debug ALU4Bit_All_sim.cpp ALU4Bit_All.v"
S  75996664  3413312  1675058799   531685933  1675058799   531685933 "/usr/local/bin/verilator_bin_dbg"
S      3046  4980746  1675441252   452105569  1675441252   452105569 "ALU4Bit_All.v"
T      5567  4981089  1675441257    56209483  1675441257    56209483 "obj_dir/VALU4Bit_All.cpp"
T      2868  4981088  1675441257    56209483  1675441257    56209483 "obj_dir/VALU4Bit_All.h"
T      1892  4981094  1675441257    60209573  1675441257    60209573 "obj_dir/VALU4Bit_All.mk"
T     66514  4981175  1675441257    60209573  1675441257    60209573 "obj_dir/VALU4Bit_All.xml"
T       140  4981098  1675441256   988207948  1675441256   988207948 "obj_dir/VALU4Bit_All_001_linkcells.dot"
T     31986  4981099  1675441256   988207948  1675441256   988207948 "obj_dir/VALU4Bit_All_002_cells.tree"
T     45447  4981100  1675441256   988207948  1675441256   988207948 "obj_dir/VALU4Bit_All_007_link.tree"
T        89  4981101  1675441256   988207948  1675441256   988207948 "obj_dir/VALU4Bit_All_008_linkInc.tree"
T        89  4981102  1675441256   992208038  1675441256   992208038 "obj_dir/VALU4Bit_All_010_paramlink.tree"
T     54451  4981103  1675441256   992208038  1675441256   992208038 "obj_dir/VALU4Bit_All_012_width.tree"
T     53721  4981104  1675441256   992208038  1675441256   992208038 "obj_dir/VALU4Bit_All_014_const.tree"
T        89  4981105  1675441256   992208038  1675441256   992208038 "obj_dir/VALU4Bit_All_015_assertpre.tree"
T        89  4981106  1675441256   992208038  1675441256   992208038 "obj_dir/VALU4Bit_All_016_assert.tree"
T     50792  4981107  1675441256   996208129  1675441256   996208129 "obj_dir/VALU4Bit_All_018_const.tree"
T     48511  4981108  1675441256   996208129  1675441256   996208129 "obj_dir/VALU4Bit_All_023_begin.tree"
T        89  4981109  1675441256   996208129  1675441256   996208129 "obj_dir/VALU4Bit_All_024_tristate.tree"
T     48723  4981110  1675441256   996208129  1675441256   996208129 "obj_dir/VALU4Bit_All_025_unknown.tree"
T     51737  4981111  1675441257      208219  1675441257      208219 "obj_dir/VALU4Bit_All_026_inline.tree"
T        89  4981112  1675441257      208219  1675441257      208219 "obj_dir/VALU4Bit_All_028_const.tree"
T     49577  4981113  1675441257      208219  1675441257      208219 "obj_dir/VALU4Bit_All_029_deadDtypes.tree"
T        89  4981114  1675441257      208219  1675441257      208219 "obj_dir/VALU4Bit_All_030_inst.tree"
T        89  4981115  1675441257      208219  1675441257      208219 "obj_dir/VALU4Bit_All_031_const.tree"
T     65446  4981116  1675441257      208219  1675441257      208219 "obj_dir/VALU4Bit_All_032_scope.tree"
T     65197  4981117  1675441257     4208309  1675441257     4208309 "obj_dir/VALU4Bit_All_033_linkdot.tree"
T        89  4981118  1675441257     4208309  1675441257     4208309 "obj_dir/VALU4Bit_All_034_class.tree"
T        89  4981119  1675441257     4208309  1675441257     4208309 "obj_dir/VALU4Bit_All_035_const.tree"
T        89  4981120  1675441257     4208309  1675441257     4208309 "obj_dir/VALU4Bit_All_036_deadDtypesScoped.tree"
T     69933  4981121  1675441257     4208309  1675441257     4208309 "obj_dir/VALU4Bit_All_037_case.tree"
T       186  4981122  1675441257     4208309  1675441257     4208309 "obj_dir/VALU4Bit_All_038_task_call.dot"
T        89  4981123  1675441257     4208309  1675441257     4208309 "obj_dir/VALU4Bit_All_039_task.tree"
T     97624  4981124  1675441257     8208399  1675441257     8208399 "obj_dir/VALU4Bit_All_041_unroll.tree"
T        91  4981125  1675441257     8208399  1675441257     8208399 "obj_dir/VALU4Bit_All_042_slice.tree"
T     82636  4981126  1675441257     8208399  1675441257     8208399 "obj_dir/VALU4Bit_All_043_const.tree"
T     75653  4981127  1675441257    12208489  1675441257    12208489 "obj_dir/VALU4Bit_All_044_life.tree"
T        91  4981128  1675441257    12208489  1675441257    12208489 "obj_dir/VALU4Bit_All_045_table.tree"
T     68099  4981129  1675441257    12208489  1675441257    12208489 "obj_dir/VALU4Bit_All_046_const.tree"
T     67752  4981130  1675441257    12208489  1675441257    12208489 "obj_dir/VALU4Bit_All_047_deadDtypesScoped.tree"
T     68593  4981131  1675441257    12208489  1675441257    12208489 "obj_dir/VALU4Bit_All_048_active.tree"
T     84829  4981132  1675441257    16208579  1675441257    16208579 "obj_dir/VALU4Bit_All_049_split.tree"
T        91  4981133  1675441257    16208579  1675441257    16208579 "obj_dir/VALU4Bit_All_050_splitas.tree"
T     92134  4981134  1675441257    16208579  1675441257    16208579 "obj_dir/VALU4Bit_All_051_tracedecl.tree"
T      7108  4981135  1675441257    16208579  1675441257    16208579 "obj_dir/VALU4Bit_All_052_gate_simp.dot"
T      6637  4981136  1675441257    16208579  1675441257    16208579 "obj_dir/VALU4Bit_All_053_gate_opt.dot"
T     76639  4981137  1675441257    20208670  1675441257    20208670 "obj_dir/VALU4Bit_All_054_gate.tree"
T     75245  4981138  1675441257    20208670  1675441257    20208670 "obj_dir/VALU4Bit_All_055_const.tree"
T     72900  4981139  1675441257    20208670  1675441257    20208670 "obj_dir/VALU4Bit_All_056_deadAllScoped.tree"
T     72911  4981140  1675441257    24208760  1675441257    24208760 "obj_dir/VALU4Bit_All_057_reorder.tree"
T        91  4981141  1675441257    24208760  1675441257    24208760 "obj_dir/VALU4Bit_All_058_delayed.tree"
T    132469  4981142  1675441257    24208760  1675441257    24208760 "obj_dir/VALU4Bit_All_059_activetop.tree"
T      6516  4981143  1675441257    24208760  1675441257    24208760 "obj_dir/VALU4Bit_All_060_orderg_pre.dot"
T       140  4981144  1675441257    24208760  1675441257    24208760 "obj_dir/VALU4Bit_All_061_acyc_simp.dot"
T      6517  4981145  1675441257    28208850  1675441257    28208850 "obj_dir/VALU4Bit_All_062_orderg_acyc.dot"
T      6707  4981146  1675441257    28208850  1675441257    28208850 "obj_dir/VALU4Bit_All_063_orderg_order.dot"
T      6708  4981147  1675441257    28208850  1675441257    28208850 "obj_dir/VALU4Bit_All_064_orderg_domain.dot"
T      1476  4981148  1675441257    28208850  1675441257    28208850 "obj_dir/VALU4Bit_All_065_order_edges.txt"
T      6706  4981149  1675441257    28208850  1675441257    28208850 "obj_dir/VALU4Bit_All_066_orderg_done.dot"
T    131155  4981150  1675441257    28208850  1675441257    28208850 "obj_dir/VALU4Bit_All_067_order.tree"
T        91  4981151  1675441257    28208850  1675441257    28208850 "obj_dir/VALU4Bit_All_068_genclk.tree"
T    130769  4981152  1675441257    32208941  1675441257    32208941 "obj_dir/VALU4Bit_All_069_clock.tree"
T        91  4981153  1675441257    32208941  1675441257    32208941 "obj_dir/VALU4Bit_All_070_const.tree"
T        91  4981154  1675441257    32208941  1675441257    32208941 "obj_dir/VALU4Bit_All_071_life.tree"
T        91  4981155  1675441257    32208941  1675441257    32208941 "obj_dir/VALU4Bit_All_072_life_post.tree"
T        91  4981156  1675441257    32208941  1675441257    32208941 "obj_dir/VALU4Bit_All_073_const.tree"
T        91  4981157  1675441257    32208941  1675441257    32208941 "obj_dir/VALU4Bit_All_074_deadAllScoped.tree"
T    131146  4981158  1675441257    36209031  1675441257    36209031 "obj_dir/VALU4Bit_All_075_changed.tree"
T    144146  4981159  1675441257    36209031  1675441257    36209031 "obj_dir/VALU4Bit_All_076_trace.tree"
T    116948  4981160  1675441257    40209121  1675441257    40209121 "obj_dir/VALU4Bit_All_078_descope.tree"
T     69255  4981161  1675441257    40209121  1675441257    40209121 "obj_dir/VALU4Bit_All_079_combine.tree"
T     69098  4981162  1675441257    44209212  1675441257    44209212 "obj_dir/VALU4Bit_All_080_const.tree"
T        91  4981163  1675441257    44209212  1675441257    44209212 "obj_dir/VALU4Bit_All_081_deadAll.tree"
T     83151  4981164  1675441257    44209212  1675441257    44209212 "obj_dir/VALU4Bit_All_082_clean.tree"
T        91  4981165  1675441257    44209212  1675441257    44209212 "obj_dir/VALU4Bit_All_083_premit.tree"
T     83046  4981166  1675441257    48209302  1675441257    48209302 "obj_dir/VALU4Bit_All_084_expand.tree"
T     77996  4981167  1675441257    48209302  1675441257    48209302 "obj_dir/VALU4Bit_All_085_const_cpp.tree"
T        91  4981168  1675441257    48209302  1675441257    48209302 "obj_dir/VALU4Bit_All_086_subst.tree"
T     77301  4981169  1675441257    48209302  1675441257    48209302 "obj_dir/VALU4Bit_All_087_const_cpp.tree"
T     76303  4981170  1675441257    52209392  1675441257    52209392 "obj_dir/VALU4Bit_All_088_deadAll.tree"
T     84644  4981171  1675441257    52209392  1675441257    52209392 "obj_dir/VALU4Bit_All_092_cast.tree"
T     89543  4981172  1675441257    56209483  1675441257    56209483 "obj_dir/VALU4Bit_All_093_cuse.tree"
T     90504  4981177  1675441257    60209573  1675441257    60209573 "obj_dir/VALU4Bit_All_990_final.tree"
T      3180  4981097  1675441256   988207948  1675441256   988207948 "obj_dir/VALU4Bit_All_ALU4Bit_All.vpp"
T       801  4981086  1675441257    56209483  1675441257    56209483 "obj_dir/VALU4Bit_All__Syms.cpp"
T      1151  4981087  1675441257    56209483  1675441257    56209483 "obj_dir/VALU4Bit_All__Syms.h"
T      2196  4981174  1675441257    56209483  1675441257    56209483 "obj_dir/VALU4Bit_All__Trace.cpp"
T      4217  4981173  1675441257    56209483  1675441257    56209483 "obj_dir/VALU4Bit_All__Trace__Slow.cpp"
T     10398  4981092  1675441257    56209483  1675441257    56209483 "obj_dir/VALU4Bit_All___024root.cpp"
T      1272  4981090  1675441257    56209483  1675441257    56209483 "obj_dir/VALU4Bit_All___024root.h"
T      2727  4981091  1675441257    56209483  1675441257    56209483 "obj_dir/VALU4Bit_All___024root__Slow.cpp"
T     30118  4981176  1675441257    60209573  1675441257    60209573 "obj_dir/VALU4Bit_All__stats.txt"
T      3425  4981095  1675441257    60209573  1675441257    60209573 "obj_dir/VALU4Bit_All__ver.d"
T         0        0  1675441257    64209663  1675441257    64209663 "obj_dir/VALU4Bit_All__verFiles.dat"
T      1719  4981093  1675441257    60209573  1675441257    60209573 "obj_dir/VALU4Bit_All_classes.mk"
