# DESCRIPTION: Verilator output: Timestamp data for --skip-identical.  Delete at will.
C "--cc --exe --build --trace --debug encode_16to4_for_sim.cpp encode_16to4_for.v"
S  96767328  5510302  1670255541   846965845  1670255541   846965845 "/usr/local/bin/verilator_bin_dbg"
S       434  9184778  1670509719   387418014  1670509719   387418014 "encode_16to4_for.v"
T      5316  9184858  1670509747   495831631  1670509747   495831631 "obj_dir/Vencode_16to4_for.cpp"
T      3076  9184857  1670509747   495831631  1670509747   495831631 "obj_dir/Vencode_16to4_for.h"
T      1937  9184870  1670509747   499831690  1670509747   499831690 "obj_dir/Vencode_16to4_for.mk"
T     42440  9184867  1670509747   499831690  1670509747   499831690 "obj_dir/Vencode_16to4_for.xml"
T      5851  9184788  1670509747   463831151  1670509747   463831151 "obj_dir/Vencode_16to4_for_001_cells.tree"
T      6873  9184789  1670509747   463831151  1670509747   463831151 "obj_dir/Vencode_16to4_for_006_linkjump.tree"
T        87  9184790  1670509747   463831151  1670509747   463831151 "obj_dir/Vencode_16to4_for_007_linkinc.tree"
T      6846  9184791  1670509747   467831211  1670509747   467831211 "obj_dir/Vencode_16to4_for_009_linkdotparam.tree"
T      8982  9184792  1670509747   467831211  1670509747   467831211 "obj_dir/Vencode_16to4_for_011_width.tree"
T      8430  9184793  1670509747   467831211  1670509747   467831211 "obj_dir/Vencode_16to4_for_013_const.tree"
T        87  9184794  1670509747   467831211  1670509747   467831211 "obj_dir/Vencode_16to4_for_014_assertpre.tree"
T        87  9184795  1670509747   467831211  1670509747   467831211 "obj_dir/Vencode_16to4_for_015_assert.tree"
T      9888  9184796  1670509747   467831211  1670509747   467831211 "obj_dir/Vencode_16to4_for_017_const.tree"
T      9491  9184797  1670509747   467831211  1670509747   467831211 "obj_dir/Vencode_16to4_for_022_begin.tree"
T        87  9184798  1670509747   467831211  1670509747   467831211 "obj_dir/Vencode_16to4_for_023_tristate.tree"
T      9706  9184799  1670509747   467831211  1670509747   467831211 "obj_dir/Vencode_16to4_for_024_unknown.tree"
T        87  9184800  1670509747   467831211  1670509747   467831211 "obj_dir/Vencode_16to4_for_025_dfg-extract.tree"
T      9802  9184801  1670509747   467831211  1670509747   467831211 "obj_dir/Vencode_16to4_for_026_dfg-optimize.tree"
T     10403  9184802  1670509747   467831211  1670509747   467831211 "obj_dir/Vencode_16to4_for_027_inline.tree"
T     10517  9184803  1670509747   467831211  1670509747   467831211 "obj_dir/Vencode_16to4_for_029_dfg-optimize.tree"
T     10219  9184804  1670509747   467831211  1670509747   467831211 "obj_dir/Vencode_16to4_for_030_const.tree"
T      9048  9184805  1670509747   467831211  1670509747   467831211 "obj_dir/Vencode_16to4_for_031_deadDtypes.tree"
T        87  9184806  1670509747   467831211  1670509747   467831211 "obj_dir/Vencode_16to4_for_032_inst.tree"
T        87  9184807  1670509747   467831211  1670509747   467831211 "obj_dir/Vencode_16to4_for_033_const.tree"
T     13219  9184808  1670509747   467831211  1670509747   467831211 "obj_dir/Vencode_16to4_for_034_scope.tree"
T     13077  9184809  1670509747   467831211  1670509747   467831211 "obj_dir/Vencode_16to4_for_035_linkdot.tree"
T        87  9184810  1670509747   467831211  1670509747   467831211 "obj_dir/Vencode_16to4_for_036_class.tree"
T        87  9184811  1670509747   467831211  1670509747   467831211 "obj_dir/Vencode_16to4_for_037_const.tree"
T        87  9184812  1670509747   467831211  1670509747   467831211 "obj_dir/Vencode_16to4_for_038_deadDtypesScoped.tree"
T        87  9184813  1670509747   467831211  1670509747   467831211 "obj_dir/Vencode_16to4_for_039_case.tree"
T        87  9184814  1670509747   467831211  1670509747   467831211 "obj_dir/Vencode_16to4_for_040_task.tree"
T     46461  9184815  1670509747   471831271  1670509747   471831271 "obj_dir/Vencode_16to4_for_042_unroll.tree"
T        89  9184816  1670509747   471831271  1670509747   471831271 "obj_dir/Vencode_16to4_for_043_slice.tree"
T     34846  9184817  1670509747   471831271  1670509747   471831271 "obj_dir/Vencode_16to4_for_044_const.tree"
T     26863  9184818  1670509747   471831271  1670509747   471831271 "obj_dir/Vencode_16to4_for_045_life.tree"
T        89  9184819  1670509747   471831271  1670509747   471831271 "obj_dir/Vencode_16to4_for_046_table.tree"
T        89  9184820  1670509747   471831271  1670509747   471831271 "obj_dir/Vencode_16to4_for_047_const.tree"
T     26421  9184821  1670509747   471831271  1670509747   471831271 "obj_dir/Vencode_16to4_for_048_deadDtypesScoped.tree"
T     26300  9184822  1670509747   471831271  1670509747   471831271 "obj_dir/Vencode_16to4_for_049_active.tree"
T     26638  9184823  1670509747   471831271  1670509747   471831271 "obj_dir/Vencode_16to4_for_050_split.tree"
T        89  9184824  1670509747   471831271  1670509747   471831271 "obj_dir/Vencode_16to4_for_051_splitas.tree"
T     30183  9184825  1670509747   475831331  1670509747   475831331 "obj_dir/Vencode_16to4_for_052_tracedecl.tree"
T     27861  9184826  1670509747   475831331  1670509747   475831331 "obj_dir/Vencode_16to4_for_053_gate.tree"
T        89  9184827  1670509747   475831331  1670509747   475831331 "obj_dir/Vencode_16to4_for_054_const.tree"
T     26801  9184828  1670509747   475831331  1670509747   475831331 "obj_dir/Vencode_16to4_for_055_deadAllScoped.tree"
T        89  9184829  1670509747   475831331  1670509747   475831331 "obj_dir/Vencode_16to4_for_056_reorder.tree"
T        89  9184830  1670509747   475831331  1670509747   475831331 "obj_dir/Vencode_16to4_for_057_delayed.tree"
T     26793  9184831  1670509747   475831331  1670509747   475831331 "obj_dir/Vencode_16to4_for_058_activetop.tree"
T     86705  9184832  1670509747   479831391  1670509747   479831391 "obj_dir/Vencode_16to4_for_059_sched.tree"
T     84039  9184833  1670509747   479831391  1670509747   479831391 "obj_dir/Vencode_16to4_for_060_clock.tree"
T     84404  9184834  1670509747   479831391  1670509747   479831391 "obj_dir/Vencode_16to4_for_061_const.tree"
T        89  9184835  1670509747   479831391  1670509747   479831391 "obj_dir/Vencode_16to4_for_062_life.tree"
T        89  9184836  1670509747   479831391  1670509747   479831391 "obj_dir/Vencode_16to4_for_063_life_post.tree"
T     85429  9184837  1670509747   483831451  1670509747   483831451 "obj_dir/Vencode_16to4_for_064_const.tree"
T        89  9184838  1670509747   483831451  1670509747   483831451 "obj_dir/Vencode_16to4_for_065_deadAllScoped.tree"
T     91986  9184839  1670509747   483831451  1670509747   483831451 "obj_dir/Vencode_16to4_for_066_trace.tree"
T     71243  9184840  1670509747   483831451  1670509747   483831451 "obj_dir/Vencode_16to4_for_068_descope.tree"
T     55936  9184841  1670509747   487831511  1670509747   487831511 "obj_dir/Vencode_16to4_for_069_combine.tree"
T     55794  9184842  1670509747   487831511  1670509747   487831511 "obj_dir/Vencode_16to4_for_070_const.tree"
T     54990  9184843  1670509747   487831511  1670509747   487831511 "obj_dir/Vencode_16to4_for_071_deadAll.tree"
T     60459  9184844  1670509747   487831511  1670509747   487831511 "obj_dir/Vencode_16to4_for_072_clean.tree"
T     62603  9184845  1670509747   491831570  1670509747   491831570 "obj_dir/Vencode_16to4_for_073_premit.tree"
T     61051  9184846  1670509747   491831570  1670509747   491831570 "obj_dir/Vencode_16to4_for_074_expand.tree"
T     58146  9184847  1670509747   491831570  1670509747   491831570 "obj_dir/Vencode_16to4_for_075_const_cpp.tree"
T     56158  9184848  1670509747   491831570  1670509747   491831570 "obj_dir/Vencode_16to4_for_076_subst.tree"
T        89  9184849  1670509747   491831570  1670509747   491831570 "obj_dir/Vencode_16to4_for_077_const_cpp.tree"
T     55292  9184850  1670509747   495831631  1670509747   495831631 "obj_dir/Vencode_16to4_for_078_deadAll.tree"
T     57306  9184851  1670509747   495831631  1670509747   495831631 "obj_dir/Vencode_16to4_for_082_cast.tree"
T     60082  9184852  1670509747   495831631  1670509747   495831631 "obj_dir/Vencode_16to4_for_083_common.tree"
T     60213  9184853  1670509747   495831631  1670509747   495831631 "obj_dir/Vencode_16to4_for_084_variableorder.tree"
T        89  9184854  1670509747   495831631  1670509747   495831631 "obj_dir/Vencode_16to4_for_085_cuse.tree"
T     61528  9184871  1670509747   503831750  1670509747   503831750 "obj_dir/Vencode_16to4_for_990_final.tree"
T       842  9184855  1670509747   495831631  1670509747   495831631 "obj_dir/Vencode_16to4_for__Syms.cpp"
T      1190  9184856  1670509747   495831631  1670509747   495831631 "obj_dir/Vencode_16to4_for__Syms.h"
T      2006  9184866  1670509747   499831690  1670509747   499831690 "obj_dir/Vencode_16to4_for__Trace__0.cpp"
T      3597  9184865  1670509747   499831690  1670509747   499831690 "obj_dir/Vencode_16to4_for__Trace__0__Slow.cpp"
T      1182  9184859  1670509747   495831631  1670509747   495831631 "obj_dir/Vencode_16to4_for___024root.h"
T      6935  9184864  1670509747   499831690  1670509747   499831690 "obj_dir/Vencode_16to4_for___024root__DepSet_hfbce4f51__0.cpp"
T      6144  9184862  1670509747   499831690  1670509747   499831690 "obj_dir/Vencode_16to4_for___024root__DepSet_hfbce4f51__0__Slow.cpp"
T      1578  9184863  1670509747   499831690  1670509747   499831690 "obj_dir/Vencode_16to4_for___024root__DepSet_hff41a55e__0.cpp"
T       963  9184861  1670509747   499831690  1670509747   499831690 "obj_dir/Vencode_16to4_for___024root__DepSet_hff41a55e__0__Slow.cpp"
T       764  9184860  1670509747   495831631  1670509747   495831631 "obj_dir/Vencode_16to4_for___024root__Slow.cpp"
T     57034  9184868  1670509747   499831690  1670509747   499831690 "obj_dir/Vencode_16to4_for__stats.txt"
T      3773  9184872  1670509747   503831750  1670509747   503831750 "obj_dir/Vencode_16to4_for__ver.d"
T         0        0  1670509747   503831750  1670509747   503831750 "obj_dir/Vencode_16to4_for__verFiles.dat"
T      1812  9184869  1670509747   499831690  1670509747   499831690 "obj_dir/Vencode_16to4_for_classes.mk"
T       526  9184787  1670509747   463831151  1670509747   463831151 "obj_dir/Vencode_16to4_for_encode_16to4_for.v.vpp"
