# DESCRIPTION: Verilator output: Timestamp data for --skip-identical.  Delete at will.
C "--cc --exe --build --trace --debug decode_3to8_case_sim.cpp decode_3to8_case.v"
S  96767328  5510302  1670255541   846965845  1670255541   846965845 "/usr/local/bin/verilator_bin_dbg"
S       641  9183205  1670481073   504206120  1670481073   504206120 "decode_3to8_case.v"
T      5316  9183280  1670481076   572290868  1670481076   572290868 "obj_dir/Vdecode_3to8_case.cpp"
T      3074  9183279  1670481076   572290868  1670481076   572290868 "obj_dir/Vdecode_3to8_case.h"
T      1937  9183292  1670481076   576290979  1670481076   576290979 "obj_dir/Vdecode_3to8_case.mk"
T     33786  9183289  1670481076   576290979  1670481076   576290979 "obj_dir/Vdecode_3to8_case.xml"
T      6653  9183209  1670481076   548290204  1670481076   548290204 "obj_dir/Vdecode_3to8_case_001_cells.tree"
T      7189  9183210  1670481076   552290315  1670481076   552290315 "obj_dir/Vdecode_3to8_case_006_linkjump.tree"
T        87  9183211  1670481076   552290315  1670481076   552290315 "obj_dir/Vdecode_3to8_case_007_linkinc.tree"
T      7158  9183212  1670481076   552290315  1670481076   552290315 "obj_dir/Vdecode_3to8_case_009_linkdotparam.tree"
T      7719  9183213  1670481076   552290315  1670481076   552290315 "obj_dir/Vdecode_3to8_case_011_width.tree"
T      7268  9183214  1670481076   552290315  1670481076   552290315 "obj_dir/Vdecode_3to8_case_013_const.tree"
T        87  9183215  1670481076   552290315  1670481076   552290315 "obj_dir/Vdecode_3to8_case_014_assertpre.tree"
T        87  9183216  1670481076   552290315  1670481076   552290315 "obj_dir/Vdecode_3to8_case_015_assert.tree"
T      8717  9183217  1670481076   552290315  1670481076   552290315 "obj_dir/Vdecode_3to8_case_017_const.tree"
T      8561  9183218  1670481076   552290315  1670481076   552290315 "obj_dir/Vdecode_3to8_case_022_begin.tree"
T        87  9183219  1670481076   552290315  1670481076   552290315 "obj_dir/Vdecode_3to8_case_023_tristate.tree"
T        87  9183220  1670481076   552290315  1670481076   552290315 "obj_dir/Vdecode_3to8_case_024_unknown.tree"
T        87  9183221  1670481076   552290315  1670481076   552290315 "obj_dir/Vdecode_3to8_case_025_dfg-extract.tree"
T      8650  9183222  1670481076   552290315  1670481076   552290315 "obj_dir/Vdecode_3to8_case_026_dfg-optimize.tree"
T      9011  9183223  1670481076   552290315  1670481076   552290315 "obj_dir/Vdecode_3to8_case_027_inline.tree"
T      9118  9183224  1670481076   552290315  1670481076   552290315 "obj_dir/Vdecode_3to8_case_029_dfg-optimize.tree"
T      9003  9183225  1670481076   556290425  1670481076   556290425 "obj_dir/Vdecode_3to8_case_030_const.tree"
T      8438  9183226  1670481076   556290425  1670481076   556290425 "obj_dir/Vdecode_3to8_case_031_deadDtypes.tree"
T        87  9183227  1670481076   556290425  1670481076   556290425 "obj_dir/Vdecode_3to8_case_032_inst.tree"
T        87  9183228  1670481076   556290425  1670481076   556290425 "obj_dir/Vdecode_3to8_case_033_const.tree"
T     12251  9183229  1670481076   556290425  1670481076   556290425 "obj_dir/Vdecode_3to8_case_034_scope.tree"
T     12110  9183230  1670481076   556290425  1670481076   556290425 "obj_dir/Vdecode_3to8_case_035_linkdot.tree"
T        87  9183231  1670481076   556290425  1670481076   556290425 "obj_dir/Vdecode_3to8_case_036_class.tree"
T        87  9183232  1670481076   556290425  1670481076   556290425 "obj_dir/Vdecode_3to8_case_037_const.tree"
T        87  9183233  1670481076   556290425  1670481076   556290425 "obj_dir/Vdecode_3to8_case_038_deadDtypesScoped.tree"
T     16710  9183234  1670481076   556290425  1670481076   556290425 "obj_dir/Vdecode_3to8_case_039_case.tree"
T        87  9183235  1670481076   556290425  1670481076   556290425 "obj_dir/Vdecode_3to8_case_040_task.tree"
T     16625  9183236  1670481076   556290425  1670481076   556290425 "obj_dir/Vdecode_3to8_case_042_unroll.tree"
T        87  9183237  1670481076   556290425  1670481076   556290425 "obj_dir/Vdecode_3to8_case_043_slice.tree"
T     12719  9183238  1670481076   556290425  1670481076   556290425 "obj_dir/Vdecode_3to8_case_044_const.tree"
T        89  9183239  1670481076   556290425  1670481076   556290425 "obj_dir/Vdecode_3to8_case_045_life.tree"
T     15104  9183240  1670481076   556290425  1670481076   556290425 "obj_dir/Vdecode_3to8_case_046_table.tree"
T        89  9183241  1670481076   556290425  1670481076   556290425 "obj_dir/Vdecode_3to8_case_047_const.tree"
T     12049  9183242  1670481076   556290425  1670481076   556290425 "obj_dir/Vdecode_3to8_case_048_deadDtypesScoped.tree"
T     11583  9183243  1670481076   556290425  1670481076   556290425 "obj_dir/Vdecode_3to8_case_049_active.tree"
T        89  9183244  1670481076   556290425  1670481076   556290425 "obj_dir/Vdecode_3to8_case_050_split.tree"
T        89  9183245  1670481076   556290425  1670481076   556290425 "obj_dir/Vdecode_3to8_case_051_splitas.tree"
T     14687  9183246  1670481076   556290425  1670481076   556290425 "obj_dir/Vdecode_3to8_case_052_tracedecl.tree"
T     12373  9183247  1670481076   556290425  1670481076   556290425 "obj_dir/Vdecode_3to8_case_053_gate.tree"
T        89  9183248  1670481076   556290425  1670481076   556290425 "obj_dir/Vdecode_3to8_case_054_const.tree"
T     10992  9183249  1670481076   560290537  1670481076   560290537 "obj_dir/Vdecode_3to8_case_055_deadAllScoped.tree"
T        89  9183250  1670481076   560290537  1670481076   560290537 "obj_dir/Vdecode_3to8_case_056_reorder.tree"
T        89  9183251  1670481076   560290537  1670481076   560290537 "obj_dir/Vdecode_3to8_case_057_delayed.tree"
T     10984  9183252  1670481076   560290537  1670481076   560290537 "obj_dir/Vdecode_3to8_case_058_activetop.tree"
T     53593  9183253  1670481076   560290537  1670481076   560290537 "obj_dir/Vdecode_3to8_case_059_sched.tree"
T     50929  9183254  1670481076   560290537  1670481076   560290537 "obj_dir/Vdecode_3to8_case_060_clock.tree"
T     51294  9183255  1670481076   560290537  1670481076   560290537 "obj_dir/Vdecode_3to8_case_061_const.tree"
T        89  9183256  1670481076   560290537  1670481076   560290537 "obj_dir/Vdecode_3to8_case_062_life.tree"
T        89  9183257  1670481076   560290537  1670481076   560290537 "obj_dir/Vdecode_3to8_case_063_life_post.tree"
T     51885  9183258  1670481076   564290646  1670481076   564290646 "obj_dir/Vdecode_3to8_case_064_const.tree"
T        89  9183259  1670481076   564290646  1670481076   564290646 "obj_dir/Vdecode_3to8_case_065_deadAllScoped.tree"
T     58172  9183260  1670481076   564290646  1670481076   564290646 "obj_dir/Vdecode_3to8_case_066_trace.tree"
T     45174  9183261  1670481076   564290646  1670481076   564290646 "obj_dir/Vdecode_3to8_case_068_descope.tree"
T     43461  9183262  1670481076   564290646  1670481076   564290646 "obj_dir/Vdecode_3to8_case_069_combine.tree"
T     43323  9183263  1670481076   564290646  1670481076   564290646 "obj_dir/Vdecode_3to8_case_070_const.tree"
T     42427  9183264  1670481076   568290758  1670481076   568290758 "obj_dir/Vdecode_3to8_case_071_deadAll.tree"
T     44572  9183265  1670481076   568290758  1670481076   568290758 "obj_dir/Vdecode_3to8_case_072_clean.tree"
T     46834  9183266  1670481076   568290758  1670481076   568290758 "obj_dir/Vdecode_3to8_case_073_premit.tree"
T     46971  9183267  1670481076   568290758  1670481076   568290758 "obj_dir/Vdecode_3to8_case_074_expand.tree"
T        89  9183268  1670481076   568290758  1670481076   568290758 "obj_dir/Vdecode_3to8_case_075_const_cpp.tree"
T     45023  9183269  1670481076   568290758  1670481076   568290758 "obj_dir/Vdecode_3to8_case_076_subst.tree"
T        89  9183270  1670481076   568290758  1670481076   568290758 "obj_dir/Vdecode_3to8_case_077_const_cpp.tree"
T     44390  9183271  1670481076   572290868  1670481076   572290868 "obj_dir/Vdecode_3to8_case_078_deadAll.tree"
T     45314  9183272  1670481076   572290868  1670481076   572290868 "obj_dir/Vdecode_3to8_case_082_cast.tree"
T     48159  9183273  1670481076   572290868  1670481076   572290868 "obj_dir/Vdecode_3to8_case_083_common.tree"
T     48216  9183274  1670481076   572290868  1670481076   572290868 "obj_dir/Vdecode_3to8_case_084_variableorder.tree"
T        89  9183275  1670481076   572290868  1670481076   572290868 "obj_dir/Vdecode_3to8_case_085_cuse.tree"
T     49692  9183293  1670481076   580291089  1670481076   580291089 "obj_dir/Vdecode_3to8_case_990_final.tree"
T       319  9183278  1670481076   572290868  1670481076   572290868 "obj_dir/Vdecode_3to8_case__ConstPool_0.cpp"
T       842  9183276  1670481076   572290868  1670481076   572290868 "obj_dir/Vdecode_3to8_case__Syms.cpp"
T      1190  9183277  1670481076   572290868  1670481076   572290868 "obj_dir/Vdecode_3to8_case__Syms.h"
T      1939  9183288  1670481076   576290979  1670481076   576290979 "obj_dir/Vdecode_3to8_case__Trace__0.cpp"
T      3481  9183287  1670481076   576290979  1670481076   576290979 "obj_dir/Vdecode_3to8_case__Trace__0__Slow.cpp"
T      1136  9183281  1670481076   576290979  1670481076   576290979 "obj_dir/Vdecode_3to8_case___024root.h"
T      5851  9183286  1670481076   576290979  1670481076   576290979 "obj_dir/Vdecode_3to8_case___024root__DepSet_h86d99c18__0.cpp"
T      6083  9183284  1670481076   576290979  1670481076   576290979 "obj_dir/Vdecode_3to8_case___024root__DepSet_h86d99c18__0__Slow.cpp"
T      1578  9183285  1670481076   576290979  1670481076   576290979 "obj_dir/Vdecode_3to8_case___024root__DepSet_hdc395ac7__0.cpp"
T       963  9183283  1670481076   576290979  1670481076   576290979 "obj_dir/Vdecode_3to8_case___024root__DepSet_hdc395ac7__0__Slow.cpp"
T       764  9183282  1670481076   576290979  1670481076   576290979 "obj_dir/Vdecode_3to8_case___024root__Slow.cpp"
T     57507  9183290  1670481076   576290979  1670481076   576290979 "obj_dir/Vdecode_3to8_case__stats.txt"
T      3816  9183294  1670481076   580291089  1670481076   580291089 "obj_dir/Vdecode_3to8_case__ver.d"
T         0        0  1670481076   580291089  1670481076   580291089 "obj_dir/Vdecode_3to8_case__verFiles.dat"
T      1846  9183291  1670481076   576290979  1670481076   576290979 "obj_dir/Vdecode_3to8_case_classes.mk"
T       762  9183208  1670481076   548290204  1670481076   548290204 "obj_dir/Vdecode_3to8_case_decode_3to8_case.v.vpp"
