# DESCRIPTION: Verilator output: Timestamp data for --skip-identical.  Delete at will.
C "--cc --exe --build --trace --debug SubCounter32bit_sim.cpp SubCounter32bit.v"
S  75996664  1184901  1673012804   619448687  1673012804   619448687 "/usr/local/bin/verilator_bin_dbg"
S       215 10621648  1673151690   188958816  1673151690   188958816 "SubCounter32bit.v"
T      5643 10621738  1673151746   191123900  1673151746   191123900 "obj_dir/VSubCounter32bit.cpp"
T      2819 10621737  1673151746   191123900  1673151746   191123900 "obj_dir/VSubCounter32bit.h"
T      1928 10621747  1673151746   191123900  1673151746   191123900 "obj_dir/VSubCounter32bit.mk"
T     10733 10621744  1673151746   191123900  1673151746   191123900 "obj_dir/VSubCounter32bit.xml"
T       144 10621660  1673151746   179123436  1673151746   179123436 "obj_dir/VSubCounter32bit_001_linkcells.dot"
T      2951 10621661  1673151746   179123436  1673151746   179123436 "obj_dir/VSubCounter32bit_002_cells.tree"
T      3105 10621662  1673151746   179123436  1673151746   179123436 "obj_dir/VSubCounter32bit_007_link.tree"
T        87 10621663  1673151746   179123436  1673151746   179123436 "obj_dir/VSubCounter32bit_008_linkInc.tree"
T        87 10621664  1673151746   179123436  1673151746   179123436 "obj_dir/VSubCounter32bit_010_paramlink.tree"
T      3791 10621665  1673151746   179123436  1673151746   179123436 "obj_dir/VSubCounter32bit_012_width.tree"
T      3496 10621666  1673151746   179123436  1673151746   179123436 "obj_dir/VSubCounter32bit_014_const.tree"
T        87 10621667  1673151746   179123436  1673151746   179123436 "obj_dir/VSubCounter32bit_015_assertpre.tree"
T        87 10621668  1673151746   179123436  1673151746   179123436 "obj_dir/VSubCounter32bit_016_assert.tree"
T      4759 10621669  1673151746   179123436  1673151746   179123436 "obj_dir/VSubCounter32bit_018_const.tree"
T      4678 10621670  1673151746   179123436  1673151746   179123436 "obj_dir/VSubCounter32bit_023_begin.tree"
T        87 10621671  1673151746   179123436  1673151746   179123436 "obj_dir/VSubCounter32bit_024_tristate.tree"
T        87 10621672  1673151746   179123436  1673151746   179123436 "obj_dir/VSubCounter32bit_025_unknown.tree"
T      5052 10621673  1673151746   179123436  1673151746   179123436 "obj_dir/VSubCounter32bit_026_inline.tree"
T        87 10621674  1673151746   179123436  1673151746   179123436 "obj_dir/VSubCounter32bit_028_const.tree"
T      4460 10621675  1673151746   179123436  1673151746   179123436 "obj_dir/VSubCounter32bit_029_deadDtypes.tree"
T        87 10621676  1673151746   179123436  1673151746   179123436 "obj_dir/VSubCounter32bit_030_inst.tree"
T        87 10621677  1673151746   179123436  1673151746   179123436 "obj_dir/VSubCounter32bit_031_const.tree"
T      6771 10621678  1673151746   179123436  1673151746   179123436 "obj_dir/VSubCounter32bit_032_scope.tree"
T      6641 10621679  1673151746   179123436  1673151746   179123436 "obj_dir/VSubCounter32bit_033_linkdot.tree"
T        87 10621680  1673151746   179123436  1673151746   179123436 "obj_dir/VSubCounter32bit_034_class.tree"
T        87 10621681  1673151746   179123436  1673151746   179123436 "obj_dir/VSubCounter32bit_035_const.tree"
T        87 10621682  1673151746   179123436  1673151746   179123436 "obj_dir/VSubCounter32bit_036_deadDtypesScoped.tree"
T        87 10621683  1673151746   179123436  1673151746   179123436 "obj_dir/VSubCounter32bit_037_case.tree"
T       190 10621684  1673151746   179123436  1673151746   179123436 "obj_dir/VSubCounter32bit_038_task_call.dot"
T        87 10621685  1673151746   179123436  1673151746   179123436 "obj_dir/VSubCounter32bit_039_task.tree"
T      6702 10621686  1673151746   183123591  1673151746   183123591 "obj_dir/VSubCounter32bit_041_unroll.tree"
T        87 10621687  1673151746   183123591  1673151746   183123591 "obj_dir/VSubCounter32bit_042_slice.tree"
T        87 10621688  1673151746   183123591  1673151746   183123591 "obj_dir/VSubCounter32bit_043_const.tree"
T        87 10621689  1673151746   183123591  1673151746   183123591 "obj_dir/VSubCounter32bit_044_life.tree"
T        87 10621690  1673151746   183123591  1673151746   183123591 "obj_dir/VSubCounter32bit_045_table.tree"
T        87 10621691  1673151746   183123591  1673151746   183123591 "obj_dir/VSubCounter32bit_046_const.tree"
T        87 10621692  1673151746   183123591  1673151746   183123591 "obj_dir/VSubCounter32bit_047_deadDtypesScoped.tree"
T      7077 10621693  1673151746   183123591  1673151746   183123591 "obj_dir/VSubCounter32bit_048_active.tree"
T        87 10621694  1673151746   183123591  1673151746   183123591 "obj_dir/VSubCounter32bit_049_split.tree"
T        87 10621695  1673151746   183123591  1673151746   183123591 "obj_dir/VSubCounter32bit_050_splitas.tree"
T      9665 10621696  1673151746   183123591  1673151746   183123591 "obj_dir/VSubCounter32bit_051_tracedecl.tree"
T      2360 10621697  1673151746   183123591  1673151746   183123591 "obj_dir/VSubCounter32bit_052_gate_simp.dot"
T      2189 10621698  1673151746   183123591  1673151746   183123591 "obj_dir/VSubCounter32bit_053_gate_opt.dot"
T      7502 10621699  1673151746   183123591  1673151746   183123591 "obj_dir/VSubCounter32bit_054_gate.tree"
T        87 10621700  1673151746   183123591  1673151746   183123591 "obj_dir/VSubCounter32bit_055_const.tree"
T      6518 10621701  1673151746   183123591  1673151746   183123591 "obj_dir/VSubCounter32bit_056_deadAllScoped.tree"
T        87 10621702  1673151746   183123591  1673151746   183123591 "obj_dir/VSubCounter32bit_057_reorder.tree"
T      8180 10621703  1673151746   183123591  1673151746   183123591 "obj_dir/VSubCounter32bit_058_delayed.tree"
T      8357 10621704  1673151746   183123591  1673151746   183123591 "obj_dir/VSubCounter32bit_059_activetop.tree"
T      2979 10621705  1673151746   183123591  1673151746   183123591 "obj_dir/VSubCounter32bit_060_orderg_pre.dot"
T       279 10621706  1673151746   183123591  1673151746   183123591 "obj_dir/VSubCounter32bit_061_acyc_simp.dot"
T      2902 10621707  1673151746   183123591  1673151746   183123591 "obj_dir/VSubCounter32bit_062_orderg_acyc.dot"
T      2997 10621708  1673151746   183123591  1673151746   183123591 "obj_dir/VSubCounter32bit_063_orderg_order.dot"
T      2998 10621709  1673151746   183123591  1673151746   183123591 "obj_dir/VSubCounter32bit_064_orderg_domain.dot"
T       740 10621710  1673151746   183123591  1673151746   183123591 "obj_dir/VSubCounter32bit_065_order_edges.txt"
T      2996 10621711  1673151746   183123591  1673151746   183123591 "obj_dir/VSubCounter32bit_066_orderg_done.dot"
T      8592 10621712  1673151746   183123591  1673151746   183123591 "obj_dir/VSubCounter32bit_067_order.tree"
T        87 10621713  1673151746   183123591  1673151746   183123591 "obj_dir/VSubCounter32bit_068_genclk.tree"
T     10136 10621714  1673151746   183123591  1673151746   183123591 "obj_dir/VSubCounter32bit_069_clock.tree"
T        87 10621715  1673151746   183123591  1673151746   183123591 "obj_dir/VSubCounter32bit_070_const.tree"
T        87 10621716  1673151746   183123591  1673151746   183123591 "obj_dir/VSubCounter32bit_071_life.tree"
T      9477 10621717  1673151746   187123745  1673151746   187123745 "obj_dir/VSubCounter32bit_072_life_post.tree"
T      8846 10621718  1673151746   187123745  1673151746   187123745 "obj_dir/VSubCounter32bit_073_const.tree"
T      8566 10621719  1673151746   187123745  1673151746   187123745 "obj_dir/VSubCounter32bit_074_deadAllScoped.tree"
T      8937 10621720  1673151746   187123745  1673151746   187123745 "obj_dir/VSubCounter32bit_075_changed.tree"
T     14852 10621721  1673151746   187123745  1673151746   187123745 "obj_dir/VSubCounter32bit_076_trace.tree"
T     12284 10621722  1673151746   187123745  1673151746   187123745 "obj_dir/VSubCounter32bit_078_descope.tree"
T        87 10621723  1673151746   187123745  1673151746   187123745 "obj_dir/VSubCounter32bit_079_combine.tree"
T     12125 10621724  1673151746   187123745  1673151746   187123745 "obj_dir/VSubCounter32bit_080_const.tree"
T     11809 10621725  1673151746   187123745  1673151746   187123745 "obj_dir/VSubCounter32bit_081_deadAll.tree"
T     12357 10621726  1673151746   187123745  1673151746   187123745 "obj_dir/VSubCounter32bit_082_clean.tree"
T     12854 10621727  1673151746   187123745  1673151746   187123745 "obj_dir/VSubCounter32bit_083_premit.tree"
T        87 10621728  1673151746   187123745  1673151746   187123745 "obj_dir/VSubCounter32bit_084_expand.tree"
T        87 10621729  1673151746   187123745  1673151746   187123745 "obj_dir/VSubCounter32bit_085_const_cpp.tree"
T     12426 10621730  1673151746   187123745  1673151746   187123745 "obj_dir/VSubCounter32bit_086_subst.tree"
T        87 10621731  1673151746   187123745  1673151746   187123745 "obj_dir/VSubCounter32bit_087_const_cpp.tree"
T     12254 10621732  1673151746   187123745  1673151746   187123745 "obj_dir/VSubCounter32bit_088_deadAll.tree"
T     12611 10621733  1673151746   191123900  1673151746   191123900 "obj_dir/VSubCounter32bit_092_cast.tree"
T     14804 10621734  1673151746   191123900  1673151746   191123900 "obj_dir/VSubCounter32bit_093_cuse.tree"
T     15693 10621748  1673151746   191123900  1673151746   191123900 "obj_dir/VSubCounter32bit_990_final.tree"
T       366 10621659  1673151746   175123282  1673151746   175123282 "obj_dir/VSubCounter32bit_SubCounter32bit.vpp"
T       833 10621735  1673151746   191123900  1673151746   191123900 "obj_dir/VSubCounter32bit__Syms.cpp"
T      1187 10621736  1673151746   191123900  1673151746   191123900 "obj_dir/VSubCounter32bit__Syms.h"
T      1673 10621740  1673151746   191123900  1673151746   191123900 "obj_dir/VSubCounter32bit__Trace.cpp"
T      3125 10621739  1673151746   191123900  1673151746   191123900 "obj_dir/VSubCounter32bit__Trace__Slow.cpp"
T      2705 10621743  1673151746   191123900  1673151746   191123900 "obj_dir/VSubCounter32bit___024root.cpp"
T      1011 10621741  1673151746   191123900  1673151746   191123900 "obj_dir/VSubCounter32bit___024root.h"
T      2165 10621742  1673151746   191123900  1673151746   191123900 "obj_dir/VSubCounter32bit___024root__Slow.cpp"
T     23772 10621745  1673151746   191123900  1673151746   191123900 "obj_dir/VSubCounter32bit__stats.txt"
T      3797 10621749  1673151746   191123900  1673151746   191123900 "obj_dir/VSubCounter32bit__ver.d"
T         0        0  1673151746   191123900  1673151746   191123900 "obj_dir/VSubCounter32bit__verFiles.dat"
T      1747 10621746  1673151746   191123900  1673151746   191123900 "obj_dir/VSubCounter32bit_classes.mk"
