# DESCRIPTION: Verilator output: Timestamp data for --skip-identical.  Delete at will.
C "--cc --exe --build --trace --debug ALU8Functions_4bit_sim.cpp ALU8Functions_4bit.v"
S  96767328  5510302  1670255541   846965845  1670255541   846965845 "/usr/local/bin/verilator_bin_dbg"
S       809  9445644  1671440248   312797263  1671440248   312797263 "ALU8Functions_4bit.v"
T      5518  9573276  1671441127   102131422  1671441127   102131422 "obj_dir/VALU8Functions_4bit.cpp"
T      3155  9573275  1671441127    94131086  1671441127    94131086 "obj_dir/VALU8Functions_4bit.h"
T      1955  9573288  1671441127   110131758  1671441127   110131758 "obj_dir/VALU8Functions_4bit.mk"
T    205759  9573285  1671441127   110131758  1671441127   110131758 "obj_dir/VALU8Functions_4bit.xml"
T      7713  9573204  1671441126   754116782  1671441126   754116782 "obj_dir/VALU8Functions_4bit_001_cells.tree"
T      9076  9573205  1671441126   758116950  1671441126   758116950 "obj_dir/VALU8Functions_4bit_006_linkjump.tree"
T        87  9573206  1671441126   758116950  1671441126   758116950 "obj_dir/VALU8Functions_4bit_007_linkinc.tree"
T      9023  9573207  1671441126   762117119  1671441126   762117119 "obj_dir/VALU8Functions_4bit_009_linkdotparam.tree"
T      9910  9573208  1671441126   766117287  1671441126   766117287 "obj_dir/VALU8Functions_4bit_011_width.tree"
T      9660  9573209  1671441126   766117287  1671441126   766117287 "obj_dir/VALU8Functions_4bit_013_const.tree"
T        87  9573211  1671441126   770117455  1671441126   770117455 "obj_dir/VALU8Functions_4bit_014_assertpre.tree"
T        87  9573212  1671441126   770117455  1671441126   770117455 "obj_dir/VALU8Functions_4bit_015_assert.tree"
T     11687  9573213  1671441126   770117455  1671441126   770117455 "obj_dir/VALU8Functions_4bit_017_const.tree"
T     11488  9573214  1671441126   770117455  1671441126   770117455 "obj_dir/VALU8Functions_4bit_022_begin.tree"
T        87  9573215  1671441126   774117624  1671441126   774117624 "obj_dir/VALU8Functions_4bit_023_tristate.tree"
T        87  9573216  1671441126   774117624  1671441126   774117624 "obj_dir/VALU8Functions_4bit_024_unknown.tree"
T        87  9573217  1671441126   774117624  1671441126   774117624 "obj_dir/VALU8Functions_4bit_025_dfg-extract.tree"
T     11571  9573218  1671441126   778117792  1671441126   778117792 "obj_dir/VALU8Functions_4bit_026_dfg-optimize.tree"
T     12197  9573219  1671441126   778117792  1671441126   778117792 "obj_dir/VALU8Functions_4bit_027_inline.tree"
T     12308  9573220  1671441126   782117961  1671441126   782117961 "obj_dir/VALU8Functions_4bit_029_dfg-optimize.tree"
T        87  9573221  1671441126   782117961  1671441126   782117961 "obj_dir/VALU8Functions_4bit_030_const.tree"
T     11624  9573222  1671441126   782117961  1671441126   782117961 "obj_dir/VALU8Functions_4bit_031_deadDtypes.tree"
T        87  9573223  1671441126   782117961  1671441126   782117961 "obj_dir/VALU8Functions_4bit_032_inst.tree"
T        87  9573224  1671441126   786118128  1671441126   786118128 "obj_dir/VALU8Functions_4bit_033_const.tree"
T     17771  9573225  1671441126   786118128  1671441126   786118128 "obj_dir/VALU8Functions_4bit_034_scope.tree"
T     17610  9573226  1671441126   790118297  1671441126   790118297 "obj_dir/VALU8Functions_4bit_035_linkdot.tree"
T        87  9573227  1671441126   790118297  1671441126   790118297 "obj_dir/VALU8Functions_4bit_036_class.tree"
T        87  9573228  1671441126   790118297  1671441126   790118297 "obj_dir/VALU8Functions_4bit_037_const.tree"
T        87  9573229  1671441126   790118297  1671441126   790118297 "obj_dir/VALU8Functions_4bit_038_deadDtypesScoped.tree"
T     22353  9573230  1671441126   794118466  1671441126   794118466 "obj_dir/VALU8Functions_4bit_039_case.tree"
T        89  9573231  1671441126   794118466  1671441126   794118466 "obj_dir/VALU8Functions_4bit_040_task.tree"
T     22400  9573232  1671441126   798118633  1671441126   798118633 "obj_dir/VALU8Functions_4bit_042_unroll.tree"
T        89  9573233  1671441126   798118633  1671441126   798118633 "obj_dir/VALU8Functions_4bit_043_slice.tree"
T     18548  9573234  1671441126   802118802  1671441126   802118802 "obj_dir/VALU8Functions_4bit_044_const.tree"
T        89  9573235  1671441126   802118802  1671441126   802118802 "obj_dir/VALU8Functions_4bit_045_life.tree"
T    491811  9573236  1671441126   898122840  1671441126   898122840 "obj_dir/VALU8Functions_4bit_046_table.tree"
T        91  9573237  1671441126   902123009  1671441126   902123009 "obj_dir/VALU8Functions_4bit_047_const.tree"
T    196076  9573238  1671441126   926124018  1671441126   926124018 "obj_dir/VALU8Functions_4bit_048_deadDtypesScoped.tree"
T    196356  9573239  1671441126   942124692  1671441126   942124692 "obj_dir/VALU8Functions_4bit_049_active.tree"
T        91  9573240  1671441126   942124692  1671441126   942124692 "obj_dir/VALU8Functions_4bit_050_split.tree"
T        91  9573241  1671441126   946124859  1671441126   946124859 "obj_dir/VALU8Functions_4bit_051_splitas.tree"
T    200651  9573242  1671441126   962125532  1671441126   962125532 "obj_dir/VALU8Functions_4bit_052_tracedecl.tree"
T    197285  9573243  1671441126   978126205  1671441126   978126205 "obj_dir/VALU8Functions_4bit_053_gate.tree"
T        91  9573244  1671441126   982126374  1671441126   982126374 "obj_dir/VALU8Functions_4bit_054_const.tree"
T    195213  9573245  1671441126   998127047  1671441126   998127047 "obj_dir/VALU8Functions_4bit_055_deadAllScoped.tree"
T        91  9573246  1671441127     2127215  1671441127     2127215 "obj_dir/VALU8Functions_4bit_056_reorder.tree"
T        91  9573247  1671441127     2127215  1671441127     2127215 "obj_dir/VALU8Functions_4bit_057_delayed.tree"
T    195205  9573248  1671441127    14127720  1671441127    14127720 "obj_dir/VALU8Functions_4bit_058_activetop.tree"
T    238967  9573249  1671441127    22128056  1671441127    22128056 "obj_dir/VALU8Functions_4bit_059_sched.tree"
T    236271  9573250  1671441127    26128225  1671441127    26128225 "obj_dir/VALU8Functions_4bit_060_clock.tree"
T    236640  9573251  1671441127    30128394  1671441127    30128394 "obj_dir/VALU8Functions_4bit_061_const.tree"
T        91  9573252  1671441127    30128394  1671441127    30128394 "obj_dir/VALU8Functions_4bit_062_life.tree"
T        91  9573253  1671441127    30128394  1671441127    30128394 "obj_dir/VALU8Functions_4bit_063_life_post.tree"
T    237266  9573254  1671441127    34128561  1671441127    34128561 "obj_dir/VALU8Functions_4bit_064_const.tree"
T        91  9573255  1671441127    38128730  1671441127    38128730 "obj_dir/VALU8Functions_4bit_065_deadAllScoped.tree"
T    244043  9573256  1671441127    42128899  1671441127    42128899 "obj_dir/VALU8Functions_4bit_066_trace.tree"
T    230071  9573257  1671441127    46129066  1671441127    46129066 "obj_dir/VALU8Functions_4bit_068_descope.tree"
T    228000  9573258  1671441127    50129235  1671441127    50129235 "obj_dir/VALU8Functions_4bit_069_combine.tree"
T    227856  9573259  1671441127    54129402  1671441127    54129402 "obj_dir/VALU8Functions_4bit_070_const.tree"
T    226950  9573260  1671441127    58129571  1671441127    58129571 "obj_dir/VALU8Functions_4bit_071_deadAll.tree"
T    235977  9573261  1671441127    62129740  1671441127    62129740 "obj_dir/VALU8Functions_4bit_072_clean.tree"
T    236963  9573262  1671441127    66129907  1671441127    66129907 "obj_dir/VALU8Functions_4bit_073_premit.tree"
T    237276  9573263  1671441127    70130076  1671441127    70130076 "obj_dir/VALU8Functions_4bit_074_expand.tree"
T        91  9573264  1671441127    70130076  1671441127    70130076 "obj_dir/VALU8Functions_4bit_075_const_cpp.tree"
T    235304  9573265  1671441127    74130245  1671441127    74130245 "obj_dir/VALU8Functions_4bit_076_subst.tree"
T        91  9573266  1671441127    74130245  1671441127    74130245 "obj_dir/VALU8Functions_4bit_077_const_cpp.tree"
T    234247  9573267  1671441127    78130412  1671441127    78130412 "obj_dir/VALU8Functions_4bit_078_deadAll.tree"
T    235278  9573268  1671441127    86130750  1671441127    86130750 "obj_dir/VALU8Functions_4bit_082_cast.tree"
T    239269  9573269  1671441127    90130917  1671441127    90130917 "obj_dir/VALU8Functions_4bit_083_common.tree"
T    239352  9573270  1671441127    94131086  1671441127    94131086 "obj_dir/VALU8Functions_4bit_084_variableorder.tree"
T        91  9573271  1671441127    94131086  1671441127    94131086 "obj_dir/VALU8Functions_4bit_085_cuse.tree"
T    240877  9573289  1671441127   114131927  1671441127   114131927 "obj_dir/VALU8Functions_4bit_990_final.tree"
T       970  9573203  1671441126   750116615  1671441126   750116615 "obj_dir/VALU8Functions_4bit_ALU8Functions_4bit.v.vpp"
T     15563  9573274  1671441127    94131086  1671441127    94131086 "obj_dir/VALU8Functions_4bit__ConstPool_0.cpp"
T       858  9573272  1671441127    94131086  1671441127    94131086 "obj_dir/VALU8Functions_4bit__Syms.cpp"
T      1208  9573273  1671441127    94131086  1671441127    94131086 "obj_dir/VALU8Functions_4bit__Syms.h"
T      2060  9573284  1671441127   102131422  1671441127   102131422 "obj_dir/VALU8Functions_4bit__Trace__0.cpp"
T      3811  9573283  1671441127   102131422  1671441127   102131422 "obj_dir/VALU8Functions_4bit__Trace__0__Slow.cpp"
T      1214  9573277  1671441127   102131422  1671441127   102131422 "obj_dir/VALU8Functions_4bit___024root.h"
T      1612  9573281  1671441127   102131422  1671441127   102131422 "obj_dir/VALU8Functions_4bit___024root__DepSet_h1290effe__0.cpp"
T       983  9573279  1671441127   102131422  1671441127   102131422 "obj_dir/VALU8Functions_4bit___024root__DepSet_h1290effe__0__Slow.cpp"
T      6208  9573282  1671441127   102131422  1671441127   102131422 "obj_dir/VALU8Functions_4bit___024root__DepSet_h49894a14__0.cpp"
T      6268  9573280  1671441127   102131422  1671441127   102131422 "obj_dir/VALU8Functions_4bit___024root__DepSet_h49894a14__0__Slow.cpp"
T       788  9573278  1671441127   102131422  1671441127   102131422 "obj_dir/VALU8Functions_4bit___024root__Slow.cpp"
T     58161  9573286  1671441127   110131758  1671441127   110131758 "obj_dir/VALU8Functions_4bit__stats.txt"
T      3994  9573290  1671441127   114131927  1671441127   114131927 "obj_dir/VALU8Functions_4bit__ver.d"
T         0        0  1671441127   114131927  1671441127   114131927 "obj_dir/VALU8Functions_4bit__verFiles.dat"
T      1868  9573287  1671441127   110131758  1671441127   110131758 "obj_dir/VALU8Functions_4bit_classes.mk"
