# DESCRIPTION: Verilator output: Timestamp data for --skip-identical.  Delete at will.
C "--cc --exe --build --trace --debug decode_5to32_for_sim.cpp decode_5to32_for.v"
S  96767328  5510302  1670255541   846965845  1670255541   846965845 "/usr/local/bin/verilator_bin_dbg"
S       505  9182983  1670485782    14492914  1670485782    14492914 "decode_5to32_for.v"
T      5316  9183798  1670485925   293226601  1670485925   293226601 "obj_dir/Vdecode_5to32_for.cpp"
T      3074  9183797  1670485925   293226601  1670485925   293226601 "obj_dir/Vdecode_5to32_for.h"
T      1937  9183810  1670485925   297226787  1670485925   297226787 "obj_dir/Vdecode_5to32_for.mk"
T     55198  9183807  1670485925   297226787  1670485925   297226787 "obj_dir/Vdecode_5to32_for.xml"
T      5958  9183728  1670485925   257224927  1670485925   257224927 "obj_dir/Vdecode_5to32_for_001_cells.tree"
T      7048  9183729  1670485925   257224927  1670485925   257224927 "obj_dir/Vdecode_5to32_for_006_linkjump.tree"
T        87  9183730  1670485925   257224927  1670485925   257224927 "obj_dir/Vdecode_5to32_for_007_linkinc.tree"
T      7019  9183731  1670485925   257224927  1670485925   257224927 "obj_dir/Vdecode_5to32_for_009_linkdotparam.tree"
T      8700  9183732  1670485925   257224927  1670485925   257224927 "obj_dir/Vdecode_5to32_for_011_width.tree"
T      8289  9183733  1670485925   257224927  1670485925   257224927 "obj_dir/Vdecode_5to32_for_013_const.tree"
T        87  9183734  1670485925   257224927  1670485925   257224927 "obj_dir/Vdecode_5to32_for_014_assertpre.tree"
T        87  9183735  1670485925   257224927  1670485925   257224927 "obj_dir/Vdecode_5to32_for_015_assert.tree"
T      8650  9183736  1670485925   257224927  1670485925   257224927 "obj_dir/Vdecode_5to32_for_017_const.tree"
T      8288  9183737  1670485925   257224927  1670485925   257224927 "obj_dir/Vdecode_5to32_for_022_begin.tree"
T        87  9183738  1670485925   257224927  1670485925   257224927 "obj_dir/Vdecode_5to32_for_023_tristate.tree"
T      8285  9183739  1670485925   261225113  1670485925   261225113 "obj_dir/Vdecode_5to32_for_024_unknown.tree"
T        87  9183740  1670485925   261225113  1670485925   261225113 "obj_dir/Vdecode_5to32_for_025_dfg-extract.tree"
T      8376  9183741  1670485925   261225113  1670485925   261225113 "obj_dir/Vdecode_5to32_for_026_dfg-optimize.tree"
T      8975  9183742  1670485925   261225113  1670485925   261225113 "obj_dir/Vdecode_5to32_for_027_inline.tree"
T      9082  9183743  1670485925   261225113  1670485925   261225113 "obj_dir/Vdecode_5to32_for_029_dfg-optimize.tree"
T      8967  9183744  1670485925   261225113  1670485925   261225113 "obj_dir/Vdecode_5to32_for_030_const.tree"
T      8108  9183745  1670485925   261225113  1670485925   261225113 "obj_dir/Vdecode_5to32_for_031_deadDtypes.tree"
T        87  9183746  1670485925   261225113  1670485925   261225113 "obj_dir/Vdecode_5to32_for_032_inst.tree"
T        87  9183747  1670485925   261225113  1670485925   261225113 "obj_dir/Vdecode_5to32_for_033_const.tree"
T     12154  9183748  1670485925   261225113  1670485925   261225113 "obj_dir/Vdecode_5to32_for_034_scope.tree"
T     12013  9183749  1670485925   261225113  1670485925   261225113 "obj_dir/Vdecode_5to32_for_035_linkdot.tree"
T        87  9183750  1670485925   261225113  1670485925   261225113 "obj_dir/Vdecode_5to32_for_036_class.tree"
T        87  9183751  1670485925   261225113  1670485925   261225113 "obj_dir/Vdecode_5to32_for_037_const.tree"
T        87  9183752  1670485925   261225113  1670485925   261225113 "obj_dir/Vdecode_5to32_for_038_deadDtypesScoped.tree"
T        87  9183753  1670485925   261225113  1670485925   261225113 "obj_dir/Vdecode_5to32_for_039_case.tree"
T        87  9183754  1670485925   261225113  1670485925   261225113 "obj_dir/Vdecode_5to32_for_040_task.tree"
T     77871  9183755  1670485925   265225300  1670485925   265225300 "obj_dir/Vdecode_5to32_for_042_unroll.tree"
T        89  9183756  1670485925   265225300  1670485925   265225300 "obj_dir/Vdecode_5to32_for_043_slice.tree"
T     60832  9183757  1670485925   265225300  1670485925   265225300 "obj_dir/Vdecode_5to32_for_044_const.tree"
T     44289  9183758  1670485925   265225300  1670485925   265225300 "obj_dir/Vdecode_5to32_for_045_life.tree"
T        89  9183759  1670485925   265225300  1670485925   265225300 "obj_dir/Vdecode_5to32_for_046_table.tree"
T     33218  9183760  1670485925   265225300  1670485925   265225300 "obj_dir/Vdecode_5to32_for_047_const.tree"
T     32664  9183761  1670485925   265225300  1670485925   265225300 "obj_dir/Vdecode_5to32_for_048_deadDtypesScoped.tree"
T     32724  9183762  1670485925   265225300  1670485925   265225300 "obj_dir/Vdecode_5to32_for_049_active.tree"
T     32880  9183763  1670485925   269225485  1670485925   269225485 "obj_dir/Vdecode_5to32_for_050_split.tree"
T        91  9183764  1670485925   269225485  1670485925   269225485 "obj_dir/Vdecode_5to32_for_051_splitas.tree"
T     36488  9183765  1670485925   269225485  1670485925   269225485 "obj_dir/Vdecode_5to32_for_052_tracedecl.tree"
T     34166  9183766  1670485925   269225485  1670485925   269225485 "obj_dir/Vdecode_5to32_for_053_gate.tree"
T        91  9183767  1670485925   269225485  1670485925   269225485 "obj_dir/Vdecode_5to32_for_054_const.tree"
T     33106  9183768  1670485925   269225485  1670485925   269225485 "obj_dir/Vdecode_5to32_for_055_deadAllScoped.tree"
T        91  9183769  1670485925   269225485  1670485925   269225485 "obj_dir/Vdecode_5to32_for_056_reorder.tree"
T        91  9183770  1670485925   269225485  1670485925   269225485 "obj_dir/Vdecode_5to32_for_057_delayed.tree"
T     33098  9183771  1670485925   269225485  1670485925   269225485 "obj_dir/Vdecode_5to32_for_058_activetop.tree"
T     99577  9183772  1670485925   273225671  1670485925   273225671 "obj_dir/Vdecode_5to32_for_059_sched.tree"
T     96884  9183773  1670485925   273225671  1670485925   273225671 "obj_dir/Vdecode_5to32_for_060_clock.tree"
T     97253  9183774  1670485925   277225857  1670485925   277225857 "obj_dir/Vdecode_5to32_for_061_const.tree"
T        91  9183775  1670485925   277225857  1670485925   277225857 "obj_dir/Vdecode_5to32_for_062_life.tree"
T        91  9183776  1670485925   277225857  1670485925   277225857 "obj_dir/Vdecode_5to32_for_063_life_post.tree"
T     98418  9183777  1670485925   277225857  1670485925   277225857 "obj_dir/Vdecode_5to32_for_064_const.tree"
T        91  9183778  1670485925   277225857  1670485925   277225857 "obj_dir/Vdecode_5to32_for_065_deadAllScoped.tree"
T    104917  9183779  1670485925   277225857  1670485925   277225857 "obj_dir/Vdecode_5to32_for_066_trace.tree"
T     81717  9183780  1670485925   281226043  1670485925   281226043 "obj_dir/Vdecode_5to32_for_068_descope.tree"
T     61398  9183781  1670485925   281226043  1670485925   281226043 "obj_dir/Vdecode_5to32_for_069_combine.tree"
T     61254  9183782  1670485925   281226043  1670485925   281226043 "obj_dir/Vdecode_5to32_for_070_const.tree"
T     60443  9183783  1670485925   285226230  1670485925   285226230 "obj_dir/Vdecode_5to32_for_071_deadAll.tree"
T     63356  9183784  1670485925   285226230  1670485925   285226230 "obj_dir/Vdecode_5to32_for_072_clean.tree"
T     65521  9183785  1670485925   285226230  1670485925   285226230 "obj_dir/Vdecode_5to32_for_073_premit.tree"
T     73613  9183786  1670485925   285226230  1670485925   285226230 "obj_dir/Vdecode_5to32_for_074_expand.tree"
T        91  9183787  1670485925   289226416  1670485925   289226416 "obj_dir/Vdecode_5to32_for_075_const_cpp.tree"
T     71469  9183788  1670485925   289226416  1670485925   289226416 "obj_dir/Vdecode_5to32_for_076_subst.tree"
T        91  9183789  1670485925   289226416  1670485925   289226416 "obj_dir/Vdecode_5to32_for_077_const_cpp.tree"
T     70380  9183790  1670485925   289226416  1670485925   289226416 "obj_dir/Vdecode_5to32_for_078_deadAll.tree"
T     74137  9183791  1670485925   293226601  1670485925   293226601 "obj_dir/Vdecode_5to32_for_082_cast.tree"
T     77445  9183792  1670485925   293226601  1670485925   293226601 "obj_dir/Vdecode_5to32_for_083_common.tree"
T     77690  9183793  1670485925   293226601  1670485925   293226601 "obj_dir/Vdecode_5to32_for_084_variableorder.tree"
T        91  9183794  1670485925   293226601  1670485925   293226601 "obj_dir/Vdecode_5to32_for_085_cuse.tree"
T     78980  9183811  1670485925   301226974  1670485925   301226974 "obj_dir/Vdecode_5to32_for_990_final.tree"
T       842  9183795  1670485925   293226601  1670485925   293226601 "obj_dir/Vdecode_5to32_for__Syms.cpp"
T      1190  9183796  1670485925   293226601  1670485925   293226601 "obj_dir/Vdecode_5to32_for__Syms.h"
T      2006  9183806  1670485925   297226787  1670485925   297226787 "obj_dir/Vdecode_5to32_for__Trace__0.cpp"
T      3597  9183805  1670485925   297226787  1670485925   297226787 "obj_dir/Vdecode_5to32_for__Trace__0__Slow.cpp"
T      1180  9183799  1670485925   293226601  1670485925   293226601 "obj_dir/Vdecode_5to32_for___024root.h"
T     12688  9183804  1670485925   297226787  1670485925   297226787 "obj_dir/Vdecode_5to32_for___024root__DepSet_h2cfca0b8__0.cpp"
T      6144  9183802  1670485925   293226601  1670485925   293226601 "obj_dir/Vdecode_5to32_for___024root__DepSet_h2cfca0b8__0__Slow.cpp"
T      1578  9183803  1670485925   297226787  1670485925   297226787 "obj_dir/Vdecode_5to32_for___024root__DepSet_h918af516__0.cpp"
T       963  9183801  1670485925   293226601  1670485925   293226601 "obj_dir/Vdecode_5to32_for___024root__DepSet_h918af516__0__Slow.cpp"
T       764  9183800  1670485925   293226601  1670485925   293226601 "obj_dir/Vdecode_5to32_for___024root__Slow.cpp"
T     57984  9183808  1670485925   297226787  1670485925   297226787 "obj_dir/Vdecode_5to32_for__stats.txt"
T      3773  9183812  1670485925   301226974  1670485925   301226974 "obj_dir/Vdecode_5to32_for__ver.d"
T         0        0  1670485925   301226974  1670485925   301226974 "obj_dir/Vdecode_5to32_for__verFiles.dat"
T      1812  9183809  1670485925   297226787  1670485925   297226787 "obj_dir/Vdecode_5to32_for_classes.mk"
T       595  9183727  1670485925   257224927  1670485925   257224927 "obj_dir/Vdecode_5to32_for_decode_5to32_for.v.vpp"
