# DESCRIPTION: Verilator output: Timestamp data for --skip-identical.  Delete at will.
C "--cc --exe --build --debug --trace decode_3to8_for_sim.cpp decode_3to8_for.v"
S  96767328  5510302  1670255541   846965845  1670255541   846965845 "/usr/local/bin/verilator_bin_dbg"
S       478  9183311  1670481585   856322328  1670481585   856322328 "decode_3to8_for.v"
T      5266  9183385  1670481654   262680685  1670481654   262680685 "obj_dir/Vdecode_3to8_for.cpp"
T      3063  9183384  1670481654   262680685  1670481654   262680685 "obj_dir/Vdecode_3to8_for.h"
T      1928  9183397  1670481654   266680824  1670481654   266680824 "obj_dir/Vdecode_3to8_for.mk"
T     38256  9183394  1670481654   262680685  1670481654   262680685 "obj_dir/Vdecode_3to8_for.xml"
T      5950  9183315  1670481654   234679713  1670481654   234679713 "obj_dir/Vdecode_3to8_for_001_cells.tree"
T      7040  9183316  1670481654   234679713  1670481654   234679713 "obj_dir/Vdecode_3to8_for_006_linkjump.tree"
T        87  9183317  1670481654   234679713  1670481654   234679713 "obj_dir/Vdecode_3to8_for_007_linkinc.tree"
T      7011  9183318  1670481654   234679713  1670481654   234679713 "obj_dir/Vdecode_3to8_for_009_linkdotparam.tree"
T      8904  9183319  1670481654   238679852  1670481654   238679852 "obj_dir/Vdecode_3to8_for_011_width.tree"
T      8486  9183320  1670481654   238679852  1670481654   238679852 "obj_dir/Vdecode_3to8_for_013_const.tree"
T        87  9183321  1670481654   238679852  1670481654   238679852 "obj_dir/Vdecode_3to8_for_014_assertpre.tree"
T        87  9183322  1670481654   238679852  1670481654   238679852 "obj_dir/Vdecode_3to8_for_015_assert.tree"
T      8849  9183323  1670481654   238679852  1670481654   238679852 "obj_dir/Vdecode_3to8_for_017_const.tree"
T      8486  9183324  1670481654   238679852  1670481654   238679852 "obj_dir/Vdecode_3to8_for_022_begin.tree"
T        87  9183325  1670481654   238679852  1670481654   238679852 "obj_dir/Vdecode_3to8_for_023_tristate.tree"
T      8483  9183326  1670481654   238679852  1670481654   238679852 "obj_dir/Vdecode_3to8_for_024_unknown.tree"
T        87  9183327  1670481654   238679852  1670481654   238679852 "obj_dir/Vdecode_3to8_for_025_dfg-extract.tree"
T      8574  9183328  1670481654   238679852  1670481654   238679852 "obj_dir/Vdecode_3to8_for_026_dfg-optimize.tree"
T      9153  9183329  1670481654   238679852  1670481654   238679852 "obj_dir/Vdecode_3to8_for_027_inline.tree"
T      9260  9183330  1670481654   238679852  1670481654   238679852 "obj_dir/Vdecode_3to8_for_029_dfg-optimize.tree"
T      9145  9183331  1670481654   238679852  1670481654   238679852 "obj_dir/Vdecode_3to8_for_030_const.tree"
T      8288  9183332  1670481654   238679852  1670481654   238679852 "obj_dir/Vdecode_3to8_for_031_deadDtypes.tree"
T        87  9183333  1670481654   238679852  1670481654   238679852 "obj_dir/Vdecode_3to8_for_032_inst.tree"
T        87  9183334  1670481654   238679852  1670481654   238679852 "obj_dir/Vdecode_3to8_for_033_const.tree"
T     12309  9183335  1670481654   238679852  1670481654   238679852 "obj_dir/Vdecode_3to8_for_034_scope.tree"
T     12170  9183336  1670481654   238679852  1670481654   238679852 "obj_dir/Vdecode_3to8_for_035_linkdot.tree"
T        87  9183337  1670481654   238679852  1670481654   238679852 "obj_dir/Vdecode_3to8_for_036_class.tree"
T        87  9183338  1670481654   238679852  1670481654   238679852 "obj_dir/Vdecode_3to8_for_037_const.tree"
T        87  9183339  1670481654   242679991  1670481654   242679991 "obj_dir/Vdecode_3to8_for_038_deadDtypesScoped.tree"
T        87  9183340  1670481654   242679991  1670481654   242679991 "obj_dir/Vdecode_3to8_for_039_case.tree"
T        87  9183341  1670481654   242679991  1670481654   242679991 "obj_dir/Vdecode_3to8_for_040_task.tree"
T     25552  9183342  1670481654   242679991  1670481654   242679991 "obj_dir/Vdecode_3to8_for_042_unroll.tree"
T        89  9183343  1670481654   242679991  1670481654   242679991 "obj_dir/Vdecode_3to8_for_043_slice.tree"
T     21328  9183344  1670481654   242679991  1670481654   242679991 "obj_dir/Vdecode_3to8_for_044_const.tree"
T     17614  9183345  1670481654   242679991  1670481654   242679991 "obj_dir/Vdecode_3to8_for_045_life.tree"
T        89  9183346  1670481654   242679991  1670481654   242679991 "obj_dir/Vdecode_3to8_for_046_table.tree"
T     15116  9183347  1670481654   242679991  1670481654   242679991 "obj_dir/Vdecode_3to8_for_047_const.tree"
T     14644  9183348  1670481654   242679991  1670481654   242679991 "obj_dir/Vdecode_3to8_for_048_deadDtypesScoped.tree"
T     14304  9183349  1670481654   242679991  1670481654   242679991 "obj_dir/Vdecode_3to8_for_049_active.tree"
T     14619  9183350  1670481654   242679991  1670481654   242679991 "obj_dir/Vdecode_3to8_for_050_split.tree"
T        89  9183351  1670481654   242679991  1670481654   242679991 "obj_dir/Vdecode_3to8_for_051_splitas.tree"
T     18190  9183352  1670481654   242679991  1670481654   242679991 "obj_dir/Vdecode_3to8_for_052_tracedecl.tree"
T     15893  9183353  1670481654   242679991  1670481654   242679991 "obj_dir/Vdecode_3to8_for_053_gate.tree"
T        89  9183354  1670481654   242679991  1670481654   242679991 "obj_dir/Vdecode_3to8_for_054_const.tree"
T     14845  9183355  1670481654   242679991  1670481654   242679991 "obj_dir/Vdecode_3to8_for_055_deadAllScoped.tree"
T        89  9183356  1670481654   246680130  1670481654   246680130 "obj_dir/Vdecode_3to8_for_056_reorder.tree"
T        89  9183357  1670481654   246680130  1670481654   246680130 "obj_dir/Vdecode_3to8_for_057_delayed.tree"
T     14837  9183358  1670481654   246680130  1670481654   246680130 "obj_dir/Vdecode_3to8_for_058_activetop.tree"
T     63158  9183359  1670481654   246680130  1670481654   246680130 "obj_dir/Vdecode_3to8_for_059_sched.tree"
T     60492  9183360  1670481654   246680130  1670481654   246680130 "obj_dir/Vdecode_3to8_for_060_clock.tree"
T     60857  9183361  1670481654   246680130  1670481654   246680130 "obj_dir/Vdecode_3to8_for_061_const.tree"
T        89  9183362  1670481654   246680130  1670481654   246680130 "obj_dir/Vdecode_3to8_for_062_life.tree"
T        89  9183363  1670481654   246680130  1670481654   246680130 "obj_dir/Vdecode_3to8_for_063_life_post.tree"
T     61574  9183364  1670481654   250680269  1670481654   250680269 "obj_dir/Vdecode_3to8_for_064_const.tree"
T        89  9183365  1670481654   250680269  1670481654   250680269 "obj_dir/Vdecode_3to8_for_065_deadAllScoped.tree"
T     68423  9183366  1670481654   250680269  1670481654   250680269 "obj_dir/Vdecode_3to8_for_066_trace.tree"
T     52950  9183367  1670481654   250680269  1670481654   250680269 "obj_dir/Vdecode_3to8_for_068_descope.tree"
T     46773  9183368  1670481654   254680408  1670481654   254680408 "obj_dir/Vdecode_3to8_for_069_combine.tree"
T     46631  9183369  1670481654   254680408  1670481654   254680408 "obj_dir/Vdecode_3to8_for_070_const.tree"
T     45827  9183370  1670481654   254680408  1670481654   254680408 "obj_dir/Vdecode_3to8_for_071_deadAll.tree"
T     48105  9183371  1670481654   254680408  1670481654   254680408 "obj_dir/Vdecode_3to8_for_072_clean.tree"
T     50342  9183372  1670481654   254680408  1670481654   254680408 "obj_dir/Vdecode_3to8_for_073_premit.tree"
T     52198  9183373  1670481654   258680546  1670481654   258680546 "obj_dir/Vdecode_3to8_for_074_expand.tree"
T        89  9183374  1670481654   258680546  1670481654   258680546 "obj_dir/Vdecode_3to8_for_075_const_cpp.tree"
T     50210  9183375  1670481654   258680546  1670481654   258680546 "obj_dir/Vdecode_3to8_for_076_subst.tree"
T        89  9183376  1670481654   258680546  1670481654   258680546 "obj_dir/Vdecode_3to8_for_077_const_cpp.tree"
T     49575  9183377  1670481654   258680546  1670481654   258680546 "obj_dir/Vdecode_3to8_for_078_deadAll.tree"
T     51169  9183378  1670481654   258680546  1670481654   258680546 "obj_dir/Vdecode_3to8_for_082_cast.tree"
T     54260  9183379  1670481654   262680685  1670481654   262680685 "obj_dir/Vdecode_3to8_for_083_common.tree"
T     54351  9183380  1670481654   262680685  1670481654   262680685 "obj_dir/Vdecode_3to8_for_084_variableorder.tree"
T        89  9183381  1670481654   262680685  1670481654   262680685 "obj_dir/Vdecode_3to8_for_085_cuse.tree"
T     55672  9183398  1670481654   266680824  1670481654   266680824 "obj_dir/Vdecode_3to8_for_990_final.tree"
T       834  9183382  1670481654   262680685  1670481654   262680685 "obj_dir/Vdecode_3to8_for__Syms.cpp"
T      1181  9183383  1670481654   262680685  1670481654   262680685 "obj_dir/Vdecode_3to8_for__Syms.h"
T      1986  9183393  1670481654   262680685  1670481654   262680685 "obj_dir/Vdecode_3to8_for__Trace__0.cpp"
T      3560  9183392  1670481654   262680685  1670481654   262680685 "obj_dir/Vdecode_3to8_for__Trace__0__Slow.cpp"
T      1169  9183386  1670481654   262680685  1670481654   262680685 "obj_dir/Vdecode_3to8_for___024root.h"
T      6326  9183391  1670481654   262680685  1670481654   262680685 "obj_dir/Vdecode_3to8_for___024root__DepSet_h5e71904b__0.cpp"
T      6087  9183389  1670481654   262680685  1670481654   262680685 "obj_dir/Vdecode_3to8_for___024root__DepSet_h5e71904b__0__Slow.cpp"
T      1561  9183390  1670481654   262680685  1670481654   262680685 "obj_dir/Vdecode_3to8_for___024root__DepSet_ha78f3b1c__0.cpp"
T       953  9183388  1670481654   262680685  1670481654   262680685 "obj_dir/Vdecode_3to8_for___024root__DepSet_ha78f3b1c__0__Slow.cpp"
T       752  9183387  1670481654   262680685  1670481654   262680685 "obj_dir/Vdecode_3to8_for___024root__Slow.cpp"
T     58144  9183395  1670481654   266680824  1670481654   266680824 "obj_dir/Vdecode_3to8_for__stats.txt"
T      3685  9183399  1670481654   266680824  1670481654   266680824 "obj_dir/Vdecode_3to8_for__ver.d"
T         0        0  1670481654   266680824  1670481654   266680824 "obj_dir/Vdecode_3to8_for__verFiles.dat"
T      1802  9183396  1670481654   266680824  1670481654   266680824 "obj_dir/Vdecode_3to8_for_classes.mk"
T       596  9183314  1670481654   234679713  1670481654   234679713 "obj_dir/Vdecode_3to8_for_decode_3to8_for.v.vpp"
