# DESCRIPTION: Verilator output: Timestamp data for --skip-identical.  Delete at will.
C "--cc --exe --build --trace --debug register32_sim.cpp register32.v"
S  75996664  1184901  1673012804   619448687  1673012804   619448687 "/usr/local/bin/verilator_bin_dbg"
T      5445 10623138  1673182377   177913962  1673182377   177913962 "obj_dir/Vregister32.cpp"
T      2801 10623137  1673182377   177913962  1673182377   177913962 "obj_dir/Vregister32.h"
T      1883 10623143  1673182377   177913962  1673182377   177913962 "obj_dir/Vregister32.mk"
T     12379 10623393  1673182377   177913962  1673182377   177913962 "obj_dir/Vregister32.xml"
T       139 10623316  1673182377   161913061  1673182377   161913061 "obj_dir/Vregister32_001_linkcells.dot"
T      4306 10623317  1673182377   161913061  1673182377   161913061 "obj_dir/Vregister32_002_cells.tree"
T      4428 10623318  1673182377   161913061  1673182377   161913061 "obj_dir/Vregister32_007_link.tree"
T        87 10623319  1673182377   161913061  1673182377   161913061 "obj_dir/Vregister32_008_linkInc.tree"
T        87 10623320  1673182377   165913287  1673182377   165913287 "obj_dir/Vregister32_010_paramlink.tree"
T      4889 10623321  1673182377   165913287  1673182377   165913287 "obj_dir/Vregister32_012_width.tree"
T      4448 10623322  1673182377   165913287  1673182377   165913287 "obj_dir/Vregister32_014_const.tree"
T        87 10623323  1673182377   165913287  1673182377   165913287 "obj_dir/Vregister32_015_assertpre.tree"
T        87 10623324  1673182377   165913287  1673182377   165913287 "obj_dir/Vregister32_016_assert.tree"
T      6607 10623325  1673182377   165913287  1673182377   165913287 "obj_dir/Vregister32_018_const.tree"
T        87 10623326  1673182377   165913287  1673182377   165913287 "obj_dir/Vregister32_023_begin.tree"
T        87 10623327  1673182377   165913287  1673182377   165913287 "obj_dir/Vregister32_024_tristate.tree"
T        87 10623328  1673182377   165913287  1673182377   165913287 "obj_dir/Vregister32_025_unknown.tree"
T      7215 10623329  1673182377   165913287  1673182377   165913287 "obj_dir/Vregister32_026_inline.tree"
T      6878 10623330  1673182377   165913287  1673182377   165913287 "obj_dir/Vregister32_028_const.tree"
T      6017 10623331  1673182377   165913287  1673182377   165913287 "obj_dir/Vregister32_029_deadDtypes.tree"
T        87 10623332  1673182377   165913287  1673182377   165913287 "obj_dir/Vregister32_030_inst.tree"
T        87 10623333  1673182377   165913287  1673182377   165913287 "obj_dir/Vregister32_031_const.tree"
T      9589 10623334  1673182377   165913287  1673182377   165913287 "obj_dir/Vregister32_032_scope.tree"
T      9457 10623335  1673182377   165913287  1673182377   165913287 "obj_dir/Vregister32_033_linkdot.tree"
T        87 10623336  1673182377   165913287  1673182377   165913287 "obj_dir/Vregister32_034_class.tree"
T        87 10623337  1673182377   165913287  1673182377   165913287 "obj_dir/Vregister32_035_const.tree"
T        87 10623338  1673182377   165913287  1673182377   165913287 "obj_dir/Vregister32_036_deadDtypesScoped.tree"
T        87 10623339  1673182377   165913287  1673182377   165913287 "obj_dir/Vregister32_037_case.tree"
T       185 10623340  1673182377   165913287  1673182377   165913287 "obj_dir/Vregister32_038_task_call.dot"
T        87 10623341  1673182377   165913287  1673182377   165913287 "obj_dir/Vregister32_039_task.tree"
T      9537 10623342  1673182377   169913512  1673182377   169913512 "obj_dir/Vregister32_041_unroll.tree"
T        87 10623343  1673182377   169913512  1673182377   169913512 "obj_dir/Vregister32_042_slice.tree"
T        87 10623344  1673182377   169913512  1673182377   169913512 "obj_dir/Vregister32_043_const.tree"
T        87 10623345  1673182377   169913512  1673182377   169913512 "obj_dir/Vregister32_044_life.tree"
T        87 10623346  1673182377   169913512  1673182377   169913512 "obj_dir/Vregister32_045_table.tree"
T        87 10623347  1673182377   169913512  1673182377   169913512 "obj_dir/Vregister32_046_const.tree"
T        87 10623348  1673182377   169913512  1673182377   169913512 "obj_dir/Vregister32_047_deadDtypesScoped.tree"
T      9931 10623349  1673182377   169913512  1673182377   169913512 "obj_dir/Vregister32_048_active.tree"
T     10988 10623350  1673182377   169913512  1673182377   169913512 "obj_dir/Vregister32_049_split.tree"
T        87 10623351  1673182377   169913512  1673182377   169913512 "obj_dir/Vregister32_050_splitas.tree"
T     15000 10623352  1673182377   169913512  1673182377   169913512 "obj_dir/Vregister32_051_tracedecl.tree"
T      3832 10623353  1673182377   169913512  1673182377   169913512 "obj_dir/Vregister32_052_gate_simp.dot"
T      3553 10623354  1673182377   169913512  1673182377   169913512 "obj_dir/Vregister32_053_gate_opt.dot"
T     10509 10623355  1673182377   169913512  1673182377   169913512 "obj_dir/Vregister32_054_gate.tree"
T        87 10623356  1673182377   169913512  1673182377   169913512 "obj_dir/Vregister32_055_const.tree"
T      8951 10623357  1673182377   169913512  1673182377   169913512 "obj_dir/Vregister32_056_deadAllScoped.tree"
T        87 10623358  1673182377   169913512  1673182377   169913512 "obj_dir/Vregister32_057_reorder.tree"
T     10559 10623359  1673182377   169913512  1673182377   169913512 "obj_dir/Vregister32_058_delayed.tree"
T     10730 10623360  1673182377   169913512  1673182377   169913512 "obj_dir/Vregister32_059_activetop.tree"
T      3789 10623361  1673182377   169913512  1673182377   169913512 "obj_dir/Vregister32_060_orderg_pre.dot"
T       139 10623362  1673182377   169913512  1673182377   169913512 "obj_dir/Vregister32_061_acyc_simp.dot"
T      3790 10623363  1673182377   169913512  1673182377   169913512 "obj_dir/Vregister32_062_orderg_acyc.dot"
T      3929 10623364  1673182377   169913512  1673182377   169913512 "obj_dir/Vregister32_063_orderg_order.dot"
T      3930 10623365  1673182377   169913512  1673182377   169913512 "obj_dir/Vregister32_064_orderg_domain.dot"
T      1172 10623366  1673182377   169913512  1673182377   169913512 "obj_dir/Vregister32_065_order_edges.txt"
T      3928 10623367  1673182377   169913512  1673182377   169913512 "obj_dir/Vregister32_066_orderg_done.dot"
T     10961 10623368  1673182377   169913512  1673182377   169913512 "obj_dir/Vregister32_067_order.tree"
T        87 10623369  1673182377   169913512  1673182377   169913512 "obj_dir/Vregister32_068_genclk.tree"
T     12528 10623370  1673182377   173913737  1673182377   173913737 "obj_dir/Vregister32_069_clock.tree"
T        89 10623371  1673182377   173913737  1673182377   173913737 "obj_dir/Vregister32_070_const.tree"
T        89 10623372  1673182377   173913737  1673182377   173913737 "obj_dir/Vregister32_071_life.tree"
T     11896 10623373  1673182377   173913737  1673182377   173913737 "obj_dir/Vregister32_072_life_post.tree"
T     11287 10623374  1673182377   173913737  1673182377   173913737 "obj_dir/Vregister32_073_const.tree"
T     11019 10623375  1673182377   173913737  1673182377   173913737 "obj_dir/Vregister32_074_deadAllScoped.tree"
T     11396 10623376  1673182377   173913737  1673182377   173913737 "obj_dir/Vregister32_075_changed.tree"
T     17954 10623377  1673182377   173913737  1673182377   173913737 "obj_dir/Vregister32_076_trace.tree"
T     14503 10623378  1673182377   173913737  1673182377   173913737 "obj_dir/Vregister32_078_descope.tree"
T        89 10623379  1673182377   173913737  1673182377   173913737 "obj_dir/Vregister32_079_combine.tree"
T     14334 10623380  1673182377   173913737  1673182377   173913737 "obj_dir/Vregister32_080_const.tree"
T     14015 10623381  1673182377   173913737  1673182377   173913737 "obj_dir/Vregister32_081_deadAll.tree"
T     14590 10623382  1673182377   173913737  1673182377   173913737 "obj_dir/Vregister32_082_clean.tree"
T        89 10623383  1673182377   173913737  1673182377   173913737 "obj_dir/Vregister32_083_premit.tree"
T        89 10623384  1673182377   173913737  1673182377   173913737 "obj_dir/Vregister32_084_expand.tree"
T        89 10623385  1673182377   173913737  1673182377   173913737 "obj_dir/Vregister32_085_const_cpp.tree"
T        89 10623386  1673182377   173913737  1673182377   173913737 "obj_dir/Vregister32_086_subst.tree"
T        89 10623387  1673182377   173913737  1673182377   173913737 "obj_dir/Vregister32_087_const_cpp.tree"
T     14484 10623388  1673182377   177913962  1673182377   177913962 "obj_dir/Vregister32_088_deadAll.tree"
T     14665 10623389  1673182377   177913962  1673182377   177913962 "obj_dir/Vregister32_092_cast.tree"
T     17862 10623390  1673182377   177913962  1673182377   177913962 "obj_dir/Vregister32_093_cuse.tree"
T     18695 10623395  1673182377   177913962  1673182377   177913962 "obj_dir/Vregister32_990_final.tree"
T       793 10623135  1673182377   177913962  1673182377   177913962 "obj_dir/Vregister32__Syms.cpp"
T      1142 10623136  1673182377   177913962  1673182377   177913962 "obj_dir/Vregister32__Syms.h"
T      1693 10623392  1673182377   177913962  1673182377   177913962 "obj_dir/Vregister32__Trace.cpp"
T      3276 10623391  1673182377   177913962  1673182377   177913962 "obj_dir/Vregister32__Trace__Slow.cpp"
T      2633 10623141  1673182377   177913962  1673182377   177913962 "obj_dir/Vregister32___024root.cpp"
T       996 10623139  1673182377   177913962  1673182377   177913962 "obj_dir/Vregister32___024root.h"
T      2100 10623140  1673182377   177913962  1673182377   177913962 "obj_dir/Vregister32___024root__Slow.cpp"
T     23000 10623394  1673182377   177913962  1673182377   177913962 "obj_dir/Vregister32__stats.txt"
T      3332 10623144  1673182377   177913962  1673182377   177913962 "obj_dir/Vregister32__ver.d"
T         0        0  1673182377   181914187  1673182377   181914187 "obj_dir/Vregister32__verFiles.dat"
T      1712 10623142  1673182377   177913962  1673182377   177913962 "obj_dir/Vregister32_classes.mk"
T       319 10623315  1673182377   161913061  1673182377   161913061 "obj_dir/Vregister32_register32.vpp"
S       214 10623128  1673174809   224620733  1673174809   224620733 "register32.v"
