# DESCRIPTION: Verilator output: Timestamp data for --skip-identical.  Delete at will.
C "--cc --exe --build --debug --trace decode_2to4_case_sim.cpp decode_2to4_case.v"
S  96767328  5510302  1670255541   846965845  1670255541   846965845 "/usr/local/bin/verilator_bin_dbg"
S       378  9182988  1670478375   747347838  1670478375   747347838 "decode_2to4_case.v"
T      5316  9183063  1670478785   900865852  1670478785   900865852 "obj_dir/Vdecode_2to4_case.cpp"
T      3074  9183062  1670478785   900865852  1670478785   900865852 "obj_dir/Vdecode_2to4_case.h"
T      1937  9183075  1670478785   904866087  1670478785   904866087 "obj_dir/Vdecode_2to4_case.mk"
T     33341  9183072  1670478785   904866087  1670478785   904866087 "obj_dir/Vdecode_2to4_case.xml"
T      4871  9182992  1670478785   876864444  1670478785   876864444 "obj_dir/Vdecode_2to4_case_001_cells.tree"
T      5201  9182993  1670478785   876864444  1670478785   876864444 "obj_dir/Vdecode_2to4_case_006_linkjump.tree"
T        87  9182994  1670478785   876864444  1670478785   876864444 "obj_dir/Vdecode_2to4_case_007_linkinc.tree"
T      5178  9182995  1670478785   876864444  1670478785   876864444 "obj_dir/Vdecode_2to4_case_009_linkdotparam.tree"
T      5523  9182996  1670478785   876864444  1670478785   876864444 "obj_dir/Vdecode_2to4_case_011_width.tree"
T      5183  9182997  1670478785   876864444  1670478785   876864444 "obj_dir/Vdecode_2to4_case_013_const.tree"
T        87  9182998  1670478785   876864444  1670478785   876864444 "obj_dir/Vdecode_2to4_case_014_assertpre.tree"
T        87  9182999  1670478785   876864444  1670478785   876864444 "obj_dir/Vdecode_2to4_case_015_assert.tree"
T      6640  9183000  1670478785   880864678  1670478785   880864678 "obj_dir/Vdecode_2to4_case_017_const.tree"
T      6525  9183001  1670478785   880864678  1670478785   880864678 "obj_dir/Vdecode_2to4_case_022_begin.tree"
T        87  9183002  1670478785   880864678  1670478785   880864678 "obj_dir/Vdecode_2to4_case_023_tristate.tree"
T        87  9183003  1670478785   880864678  1670478785   880864678 "obj_dir/Vdecode_2to4_case_024_unknown.tree"
T        87  9183004  1670478785   880864678  1670478785   880864678 "obj_dir/Vdecode_2to4_case_025_dfg-extract.tree"
T      6586  9183005  1670478785   880864678  1670478785   880864678 "obj_dir/Vdecode_2to4_case_026_dfg-optimize.tree"
T      6939  9183006  1670478785   880864678  1670478785   880864678 "obj_dir/Vdecode_2to4_case_027_inline.tree"
T      7018  9183007  1670478785   880864678  1670478785   880864678 "obj_dir/Vdecode_2to4_case_029_dfg-optimize.tree"
T      6931  9183008  1670478785   880864678  1670478785   880864678 "obj_dir/Vdecode_2to4_case_030_const.tree"
T      6460  9183009  1670478785   880864678  1670478785   880864678 "obj_dir/Vdecode_2to4_case_031_deadDtypes.tree"
T        87  9183010  1670478785   880864678  1670478785   880864678 "obj_dir/Vdecode_2to4_case_032_inst.tree"
T        87  9183011  1670478785   880864678  1670478785   880864678 "obj_dir/Vdecode_2to4_case_033_const.tree"
T      9777  9183012  1670478785   880864678  1670478785   880864678 "obj_dir/Vdecode_2to4_case_034_scope.tree"
T      9640  9183013  1670478785   880864678  1670478785   880864678 "obj_dir/Vdecode_2to4_case_035_linkdot.tree"
T        87  9183014  1670478785   880864678  1670478785   880864678 "obj_dir/Vdecode_2to4_case_036_class.tree"
T        87  9183015  1670478785   880864678  1670478785   880864678 "obj_dir/Vdecode_2to4_case_037_const.tree"
T        87  9183016  1670478785   880864678  1670478785   880864678 "obj_dir/Vdecode_2to4_case_038_deadDtypesScoped.tree"
T     11471  9183017  1670478785   880864678  1670478785   880864678 "obj_dir/Vdecode_2to4_case_039_case.tree"
T        87  9183018  1670478785   880864678  1670478785   880864678 "obj_dir/Vdecode_2to4_case_040_task.tree"
T     11442  9183019  1670478785   880864678  1670478785   880864678 "obj_dir/Vdecode_2to4_case_042_unroll.tree"
T        87  9183020  1670478785   880864678  1670478785   880864678 "obj_dir/Vdecode_2to4_case_043_slice.tree"
T      9623  9183021  1670478785   880864678  1670478785   880864678 "obj_dir/Vdecode_2to4_case_044_const.tree"
T        87  9183022  1670478785   880864678  1670478785   880864678 "obj_dir/Vdecode_2to4_case_045_life.tree"
T     13310  9183023  1670478785   880864678  1670478785   880864678 "obj_dir/Vdecode_2to4_case_046_table.tree"
T        89  9183024  1670478785   884864913  1670478785   884864913 "obj_dir/Vdecode_2to4_case_047_const.tree"
T     11407  9183025  1670478785   884864913  1670478785   884864913 "obj_dir/Vdecode_2to4_case_048_deadDtypesScoped.tree"
T     10941  9183026  1670478785   884864913  1670478785   884864913 "obj_dir/Vdecode_2to4_case_049_active.tree"
T        89  9183027  1670478785   884864913  1670478785   884864913 "obj_dir/Vdecode_2to4_case_050_split.tree"
T        89  9183028  1670478785   884864913  1670478785   884864913 "obj_dir/Vdecode_2to4_case_051_splitas.tree"
T     14045  9183029  1670478785   884864913  1670478785   884864913 "obj_dir/Vdecode_2to4_case_052_tracedecl.tree"
T     11731  9183030  1670478785   884864913  1670478785   884864913 "obj_dir/Vdecode_2to4_case_053_gate.tree"
T        89  9183031  1670478785   884864913  1670478785   884864913 "obj_dir/Vdecode_2to4_case_054_const.tree"
T     10356  9183032  1670478785   884864913  1670478785   884864913 "obj_dir/Vdecode_2to4_case_055_deadAllScoped.tree"
T        89  9183033  1670478785   884864913  1670478785   884864913 "obj_dir/Vdecode_2to4_case_056_reorder.tree"
T        89  9183034  1670478785   884864913  1670478785   884864913 "obj_dir/Vdecode_2to4_case_057_delayed.tree"
T     10348  9183035  1670478785   884864913  1670478785   884864913 "obj_dir/Vdecode_2to4_case_058_activetop.tree"
T     52950  9183036  1670478785   884864913  1670478785   884864913 "obj_dir/Vdecode_2to4_case_059_sched.tree"
T     50286  9183037  1670478785   888865147  1670478785   888865147 "obj_dir/Vdecode_2to4_case_060_clock.tree"
T     50651  9183038  1670478785   888865147  1670478785   888865147 "obj_dir/Vdecode_2to4_case_061_const.tree"
T        89  9183039  1670478785   888865147  1670478785   888865147 "obj_dir/Vdecode_2to4_case_062_life.tree"
T        89  9183040  1670478785   888865147  1670478785   888865147 "obj_dir/Vdecode_2to4_case_063_life_post.tree"
T     51242  9183041  1670478785   888865147  1670478785   888865147 "obj_dir/Vdecode_2to4_case_064_const.tree"
T        89  9183042  1670478785   888865147  1670478785   888865147 "obj_dir/Vdecode_2to4_case_065_deadAllScoped.tree"
T     57529  9183043  1670478785   888865147  1670478785   888865147 "obj_dir/Vdecode_2to4_case_066_trace.tree"
T     44545  9183044  1670478785   892865383  1670478785   892865383 "obj_dir/Vdecode_2to4_case_068_descope.tree"
T     42834  9183045  1670478785   892865383  1670478785   892865383 "obj_dir/Vdecode_2to4_case_069_combine.tree"
T     42696  9183046  1670478785   892865383  1670478785   892865383 "obj_dir/Vdecode_2to4_case_070_const.tree"
T     41801  9183047  1670478785   892865383  1670478785   892865383 "obj_dir/Vdecode_2to4_case_071_deadAll.tree"
T     43929  9183048  1670478785   892865383  1670478785   892865383 "obj_dir/Vdecode_2to4_case_072_clean.tree"
T     46195  9183049  1670478785   896865617  1670478785   896865617 "obj_dir/Vdecode_2to4_case_073_premit.tree"
T     46332  9183050  1670478785   896865617  1670478785   896865617 "obj_dir/Vdecode_2to4_case_074_expand.tree"
T        89  9183051  1670478785   896865617  1670478785   896865617 "obj_dir/Vdecode_2to4_case_075_const_cpp.tree"
T     44384  9183052  1670478785   896865617  1670478785   896865617 "obj_dir/Vdecode_2to4_case_076_subst.tree"
T        89  9183053  1670478785   896865617  1670478785   896865617 "obj_dir/Vdecode_2to4_case_077_const_cpp.tree"
T     43751  9183054  1670478785   896865617  1670478785   896865617 "obj_dir/Vdecode_2to4_case_078_deadAll.tree"
T     44675  9183055  1670478785   900865852  1670478785   900865852 "obj_dir/Vdecode_2to4_case_082_cast.tree"
T     47739  9183056  1670478785   900865852  1670478785   900865852 "obj_dir/Vdecode_2to4_case_083_common.tree"
T     47794  9183057  1670478785   900865852  1670478785   900865852 "obj_dir/Vdecode_2to4_case_084_variableorder.tree"
T        89  9183058  1670478785   900865852  1670478785   900865852 "obj_dir/Vdecode_2to4_case_085_cuse.tree"
T     49286  9183076  1670478785   904866087  1670478785   904866087 "obj_dir/Vdecode_2to4_case_990_final.tree"
T       258  9183061  1670478785   900865852  1670478785   900865852 "obj_dir/Vdecode_2to4_case__ConstPool_0.cpp"
T       842  9183059  1670478785   900865852  1670478785   900865852 "obj_dir/Vdecode_2to4_case__Syms.cpp"
T      1190  9183060  1670478785   900865852  1670478785   900865852 "obj_dir/Vdecode_2to4_case__Syms.h"
T      1939  9183071  1670478785   900865852  1670478785   900865852 "obj_dir/Vdecode_2to4_case__Trace__0.cpp"
T      3481  9183070  1670478785   900865852  1670478785   900865852 "obj_dir/Vdecode_2to4_case__Trace__0__Slow.cpp"
T      1136  9183064  1670478785   900865852  1670478785   900865852 "obj_dir/Vdecode_2to4_case___024root.h"
T      1578  9183068  1670478785   900865852  1670478785   900865852 "obj_dir/Vdecode_2to4_case___024root__DepSet_h2989a3bb__0.cpp"
T       963  9183066  1670478785   900865852  1670478785   900865852 "obj_dir/Vdecode_2to4_case___024root__DepSet_h2989a3bb__0__Slow.cpp"
T      5850  9183069  1670478785   900865852  1670478785   900865852 "obj_dir/Vdecode_2to4_case___024root__DepSet_h3b7a69db__0.cpp"
T      6083  9183067  1670478785   900865852  1670478785   900865852 "obj_dir/Vdecode_2to4_case___024root__DepSet_h3b7a69db__0__Slow.cpp"
T       764  9183065  1670478785   900865852  1670478785   900865852 "obj_dir/Vdecode_2to4_case___024root__Slow.cpp"
T     57507  9183073  1670478785   904866087  1670478785   904866087 "obj_dir/Vdecode_2to4_case__stats.txt"
T      3816  9183077  1670478785   904866087  1670478785   904866087 "obj_dir/Vdecode_2to4_case__ver.d"
T         0        0  1670478785   904866087  1670478785   904866087 "obj_dir/Vdecode_2to4_case__verFiles.dat"
T      1846  9183074  1670478785   904866087  1670478785   904866087 "obj_dir/Vdecode_2to4_case_classes.mk"
T       501  9182991  1670478785   876864444  1670478785   876864444 "obj_dir/Vdecode_2to4_case_decode_2to4_case.v.vpp"
