# DESCRIPTION: Verilator output: Timestamp data for --skip-identical.  Delete at will.
C "--cc --exe --build --trace --debug my_nor_sim.cpp my_nor.v"
S  96767328  5510302  1670255541   846965845  1670255541   846965845 "/usr/local/bin/verilator_bin_dbg"
S       308  9185822  1670663819   974782688  1670663819   974782688 "my_nor.v"
T      4814  9185903  1670663863   477844392  1670663863   477844392 "obj_dir/Vmy_nor.cpp"
T      2963  9185902  1670663863   477844392  1670663863   477844392 "obj_dir/Vmy_nor.h"
T      1847  9185915  1670663863   481844315  1670663863   481844315 "obj_dir/Vmy_nor.mk"
T     32262  9185912  1670663863   481844315  1670663863   481844315 "obj_dir/Vmy_nor.xml"
T      4071  9185832  1670663863   457844775  1670663863   457844775 "obj_dir/Vmy_nor_001_cells.tree"
T      4406  9185833  1670663863   457844775  1670663863   457844775 "obj_dir/Vmy_nor_006_linkjump.tree"
T        87  9185834  1670663863   457844775  1670663863   457844775 "obj_dir/Vmy_nor_007_linkinc.tree"
T      4383  9185835  1670663863   457844775  1670663863   457844775 "obj_dir/Vmy_nor_009_linkdotparam.tree"
T      5506  9185836  1670663863   457844775  1670663863   457844775 "obj_dir/Vmy_nor_011_width.tree"
T      5579  9185837  1670663863   457844775  1670663863   457844775 "obj_dir/Vmy_nor_013_const.tree"
T        87  9185838  1670663863   457844775  1670663863   457844775 "obj_dir/Vmy_nor_014_assertpre.tree"
T        87  9185839  1670663863   457844775  1670663863   457844775 "obj_dir/Vmy_nor_015_assert.tree"
T      6994  9185840  1670663863   457844775  1670663863   457844775 "obj_dir/Vmy_nor_017_const.tree"
T      6859  9185841  1670663863   457844775  1670663863   457844775 "obj_dir/Vmy_nor_022_begin.tree"
T        87  9185842  1670663863   457844775  1670663863   457844775 "obj_dir/Vmy_nor_023_tristate.tree"
T        87  9185843  1670663863   457844775  1670663863   457844775 "obj_dir/Vmy_nor_024_unknown.tree"
T        87  9185844  1670663863   457844775  1670663863   457844775 "obj_dir/Vmy_nor_025_dfg-extract.tree"
T      6913  9185845  1670663863   457844775  1670663863   457844775 "obj_dir/Vmy_nor_026_dfg-optimize.tree"
T      7223  9185846  1670663863   457844775  1670663863   457844775 "obj_dir/Vmy_nor_027_inline.tree"
T      7295  9185847  1670663863   457844775  1670663863   457844775 "obj_dir/Vmy_nor_029_dfg-optimize.tree"
T        87  9185848  1670663863   457844775  1670663863   457844775 "obj_dir/Vmy_nor_030_const.tree"
T      6841  9185849  1670663863   457844775  1670663863   457844775 "obj_dir/Vmy_nor_031_deadDtypes.tree"
T        87  9185850  1670663863   457844775  1670663863   457844775 "obj_dir/Vmy_nor_032_inst.tree"
T        87  9185851  1670663863   457844775  1670663863   457844775 "obj_dir/Vmy_nor_033_const.tree"
T     10085  9185852  1670663863   461844699  1670663863   461844699 "obj_dir/Vmy_nor_034_scope.tree"
T      9968  9185853  1670663863   461844699  1670663863   461844699 "obj_dir/Vmy_nor_035_linkdot.tree"
T        87  9185854  1670663863   461844699  1670663863   461844699 "obj_dir/Vmy_nor_036_class.tree"
T        87  9185855  1670663863   461844699  1670663863   461844699 "obj_dir/Vmy_nor_037_const.tree"
T        87  9185856  1670663863   461844699  1670663863   461844699 "obj_dir/Vmy_nor_038_deadDtypesScoped.tree"
T     16569  9185857  1670663863   461844699  1670663863   461844699 "obj_dir/Vmy_nor_039_case.tree"
T        87  9185858  1670663863   461844699  1670663863   461844699 "obj_dir/Vmy_nor_040_task.tree"
T     16413  9185859  1670663863   461844699  1670663863   461844699 "obj_dir/Vmy_nor_042_unroll.tree"
T        87  9185860  1670663863   461844699  1670663863   461844699 "obj_dir/Vmy_nor_043_slice.tree"
T     10286  9185861  1670663863   461844699  1670663863   461844699 "obj_dir/Vmy_nor_044_const.tree"
T        89  9185862  1670663863   461844699  1670663863   461844699 "obj_dir/Vmy_nor_045_life.tree"
T     11642  9185863  1670663863   461844699  1670663863   461844699 "obj_dir/Vmy_nor_046_table.tree"
T        89  9185864  1670663863   461844699  1670663863   461844699 "obj_dir/Vmy_nor_047_const.tree"
T     10120  9185865  1670663863   461844699  1670663863   461844699 "obj_dir/Vmy_nor_048_deadDtypesScoped.tree"
T      9659  9185866  1670663863   461844699  1670663863   461844699 "obj_dir/Vmy_nor_049_active.tree"
T        89  9185867  1670663863   461844699  1670663863   461844699 "obj_dir/Vmy_nor_050_split.tree"
T        89  9185868  1670663863   461844699  1670663863   461844699 "obj_dir/Vmy_nor_051_splitas.tree"
T     12665  9185869  1670663863   461844699  1670663863   461844699 "obj_dir/Vmy_nor_052_tracedecl.tree"
T     10537  9185870  1670663863   461844699  1670663863   461844699 "obj_dir/Vmy_nor_053_gate.tree"
T        89  9185871  1670663863   461844699  1670663863   461844699 "obj_dir/Vmy_nor_054_const.tree"
T      9251  9185872  1670663863   461844699  1670663863   461844699 "obj_dir/Vmy_nor_055_deadAllScoped.tree"
T        89  9185873  1670663863   461844699  1670663863   461844699 "obj_dir/Vmy_nor_056_reorder.tree"
T        89  9185874  1670663863   461844699  1670663863   461844699 "obj_dir/Vmy_nor_057_delayed.tree"
T      9243  9185875  1670663863   461844699  1670663863   461844699 "obj_dir/Vmy_nor_058_activetop.tree"
T     51806  9185876  1670663863   465844622  1670663863   465844622 "obj_dir/Vmy_nor_059_sched.tree"
T     49142  9185877  1670663863   465844622  1670663863   465844622 "obj_dir/Vmy_nor_060_clock.tree"
T     49507  9185878  1670663863   465844622  1670663863   465844622 "obj_dir/Vmy_nor_061_const.tree"
T        89  9185879  1670663863   465844622  1670663863   465844622 "obj_dir/Vmy_nor_062_life.tree"
T        89  9185880  1670663863   465844622  1670663863   465844622 "obj_dir/Vmy_nor_063_life_post.tree"
T     50098  9185881  1670663863   469844545  1670663863   469844545 "obj_dir/Vmy_nor_064_const.tree"
T        89  9185882  1670663863   469844545  1670663863   469844545 "obj_dir/Vmy_nor_065_deadAllScoped.tree"
T     56293  9185883  1670663863   469844545  1670663863   469844545 "obj_dir/Vmy_nor_066_trace.tree"
T     43305  9185884  1670663863   469844545  1670663863   469844545 "obj_dir/Vmy_nor_068_descope.tree"
T     41596  9185885  1670663863   469844545  1670663863   469844545 "obj_dir/Vmy_nor_069_combine.tree"
T     41458  9185886  1670663863   469844545  1670663863   469844545 "obj_dir/Vmy_nor_070_const.tree"
T     40562  9185887  1670663863   473844468  1670663863   473844468 "obj_dir/Vmy_nor_071_deadAll.tree"
T     42214  9185888  1670663863   473844468  1670663863   473844468 "obj_dir/Vmy_nor_072_clean.tree"
T     44487  9185889  1670663863   473844468  1670663863   473844468 "obj_dir/Vmy_nor_073_premit.tree"
T     44624  9185890  1670663863   473844468  1670663863   473844468 "obj_dir/Vmy_nor_074_expand.tree"
T        89  9185891  1670663863   473844468  1670663863   473844468 "obj_dir/Vmy_nor_075_const_cpp.tree"
T     42676  9185892  1670663863   473844468  1670663863   473844468 "obj_dir/Vmy_nor_076_subst.tree"
T        89  9185893  1670663863   473844468  1670663863   473844468 "obj_dir/Vmy_nor_077_const_cpp.tree"
T     42043  9185894  1670663863   477844392  1670663863   477844392 "obj_dir/Vmy_nor_078_deadAll.tree"
T     42967  9185895  1670663863   477844392  1670663863   477844392 "obj_dir/Vmy_nor_082_cast.tree"
T     46026  9185896  1670663863   477844392  1670663863   477844392 "obj_dir/Vmy_nor_083_common.tree"
T     46081  9185897  1670663863   477844392  1670663863   477844392 "obj_dir/Vmy_nor_084_variableorder.tree"
T        89  9185898  1670663863   477844392  1670663863   477844392 "obj_dir/Vmy_nor_085_cuse.tree"
T     47365  9185916  1670663863   481844315  1670663863   481844315 "obj_dir/Vmy_nor_990_final.tree"
T       220  9185901  1670663863   477844392  1670663863   477844392 "obj_dir/Vmy_nor__ConstPool_0.cpp"
T       762  9185899  1670663863   477844392  1670663863   477844392 "obj_dir/Vmy_nor__Syms.cpp"
T      1100  9185900  1670663863   477844392  1670663863   477844392 "obj_dir/Vmy_nor__Syms.h"
T      1750  9185911  1670663863   477844392  1670663863   477844392 "obj_dir/Vmy_nor__Trace__0.cpp"
T      3120  9185910  1670663863   477844392  1670663863   477844392 "obj_dir/Vmy_nor__Trace__0__Slow.cpp"
T      1035  9185904  1670663863   477844392  1670663863   477844392 "obj_dir/Vmy_nor___024root.h"
T      1408  9185908  1670663863   477844392  1670663863   477844392 "obj_dir/Vmy_nor___024root__DepSet_hc2111e83__0.cpp"
T       863  9185906  1670663863   477844392  1670663863   477844392 "obj_dir/Vmy_nor___024root__DepSet_hc2111e83__0__Slow.cpp"
T      5347  9185909  1670663863   477844392  1670663863   477844392 "obj_dir/Vmy_nor___024root__DepSet_hfe1968d2__0.cpp"
T      5532  9185907  1670663863   477844392  1670663863   477844392 "obj_dir/Vmy_nor___024root__DepSet_hfe1968d2__0__Slow.cpp"
T       644  9185905  1670663863   477844392  1670663863   477844392 "obj_dir/Vmy_nor___024root__Slow.cpp"
T     57229  9185913  1670663863   481844315  1670663863   481844315 "obj_dir/Vmy_nor__stats.txt"
T      2926  9185917  1670663863   481844315  1670663863   481844315 "obj_dir/Vmy_nor__ver.d"
T         0        0  1670663863   481844315  1670663863   481844315 "obj_dir/Vmy_nor__verFiles.dat"
T      1736  9185914  1670663863   481844315  1670663863   481844315 "obj_dir/Vmy_nor_classes.mk"
T       401  9185831  1670663863   457844775  1670663863   457844775 "obj_dir/Vmy_nor_my_nor.v.vpp"
