# DESCRIPTION: Verilator output: Timestamp data for --skip-identical.  Delete at will.
C "--cc --exe --build --debug --trace decode_4to16_for_sim.cpp decode_4to16_for.v"
S  96767328  5510302  1670255541   846965845  1670255541   846965845 "/usr/local/bin/verilator_bin_dbg"
S       490  9183514  1670483401   973896434  1670483401   973896434 "decode_4to16_for.v"
T      5316  9183588  1670483472   467893305  1670483472   467893305 "obj_dir/Vdecode_4to16_for.cpp"
T      3076  9183587  1670483472   467893305  1670483472   467893305 "obj_dir/Vdecode_4to16_for.h"
T      1937  9183600  1670483472   471893419  1670483472   471893419 "obj_dir/Vdecode_4to16_for.mk"
T     44531  9183597  1670483472   467893305  1670483472   467893305 "obj_dir/Vdecode_4to16_for.xml"
T      5957  9183518  1670483472   439892506  1670483472   439892506 "obj_dir/Vdecode_4to16_for_001_cells.tree"
T      7047  9183519  1670483472   439892506  1670483472   439892506 "obj_dir/Vdecode_4to16_for_006_linkjump.tree"
T        87  9183520  1670483472   439892506  1670483472   439892506 "obj_dir/Vdecode_4to16_for_007_linkinc.tree"
T      7018  9183521  1670483472   439892506  1670483472   439892506 "obj_dir/Vdecode_4to16_for_009_linkdotparam.tree"
T      8923  9183522  1670483472   439892506  1670483472   439892506 "obj_dir/Vdecode_4to16_for_011_width.tree"
T      8505  9183523  1670483472   439892506  1670483472   439892506 "obj_dir/Vdecode_4to16_for_013_const.tree"
T        87  9183524  1670483472   439892506  1670483472   439892506 "obj_dir/Vdecode_4to16_for_014_assertpre.tree"
T        87  9183525  1670483472   439892506  1670483472   439892506 "obj_dir/Vdecode_4to16_for_015_assert.tree"
T      8871  9183526  1670483472   439892506  1670483472   439892506 "obj_dir/Vdecode_4to16_for_017_const.tree"
T      8508  9183527  1670483472   439892506  1670483472   439892506 "obj_dir/Vdecode_4to16_for_022_begin.tree"
T        87  9183528  1670483472   439892506  1670483472   439892506 "obj_dir/Vdecode_4to16_for_023_tristate.tree"
T      8505  9183529  1670483472   439892506  1670483472   439892506 "obj_dir/Vdecode_4to16_for_024_unknown.tree"
T        87  9183530  1670483472   439892506  1670483472   439892506 "obj_dir/Vdecode_4to16_for_025_dfg-extract.tree"
T      8596  9183531  1670483472   439892506  1670483472   439892506 "obj_dir/Vdecode_4to16_for_026_dfg-optimize.tree"
T      9195  9183532  1670483472   439892506  1670483472   439892506 "obj_dir/Vdecode_4to16_for_027_inline.tree"
T      9302  9183533  1670483472   443892620  1670483472   443892620 "obj_dir/Vdecode_4to16_for_029_dfg-optimize.tree"
T      9187  9183534  1670483472   443892620  1670483472   443892620 "obj_dir/Vdecode_4to16_for_030_const.tree"
T      8328  9183535  1670483472   443892620  1670483472   443892620 "obj_dir/Vdecode_4to16_for_031_deadDtypes.tree"
T        87  9183536  1670483472   443892620  1670483472   443892620 "obj_dir/Vdecode_4to16_for_032_inst.tree"
T        87  9183537  1670483472   443892620  1670483472   443892620 "obj_dir/Vdecode_4to16_for_033_const.tree"
T     12374  9183538  1670483472   443892620  1670483472   443892620 "obj_dir/Vdecode_4to16_for_034_scope.tree"
T     12233  9183539  1670483472   443892620  1670483472   443892620 "obj_dir/Vdecode_4to16_for_035_linkdot.tree"
T        87  9183540  1670483472   443892620  1670483472   443892620 "obj_dir/Vdecode_4to16_for_036_class.tree"
T        87  9183541  1670483472   443892620  1670483472   443892620 "obj_dir/Vdecode_4to16_for_037_const.tree"
T        87  9183542  1670483472   443892620  1670483472   443892620 "obj_dir/Vdecode_4to16_for_038_deadDtypesScoped.tree"
T        87  9183543  1670483472   443892620  1670483472   443892620 "obj_dir/Vdecode_4to16_for_039_case.tree"
T        87  9183544  1670483472   443892620  1670483472   443892620 "obj_dir/Vdecode_4to16_for_040_task.tree"
T     43116  9183545  1670483472   443892620  1670483472   443892620 "obj_dir/Vdecode_4to16_for_042_unroll.tree"
T        89  9183546  1670483472   443892620  1670483472   443892620 "obj_dir/Vdecode_4to16_for_043_slice.tree"
T     34621  9183547  1670483472   443892620  1670483472   443892620 "obj_dir/Vdecode_4to16_for_044_const.tree"
T     26622  9183548  1670483472   443892620  1670483472   443892620 "obj_dir/Vdecode_4to16_for_045_life.tree"
T        89  9183549  1670483472   443892620  1670483472   443892620 "obj_dir/Vdecode_4to16_for_046_table.tree"
T     21589  9183550  1670483472   443892620  1670483472   443892620 "obj_dir/Vdecode_4to16_for_047_const.tree"
T     21312  9183551  1670483472   447892734  1670483472   447892734 "obj_dir/Vdecode_4to16_for_048_deadDtypesScoped.tree"
T     21108  9183552  1670483472   447892734  1670483472   447892734 "obj_dir/Vdecode_4to16_for_049_active.tree"
T     21370  9183553  1670483472   447892734  1670483472   447892734 "obj_dir/Vdecode_4to16_for_050_split.tree"
T        89  9183554  1670483472   447892734  1670483472   447892734 "obj_dir/Vdecode_4to16_for_051_splitas.tree"
T     24958  9183555  1670483472   447892734  1670483472   447892734 "obj_dir/Vdecode_4to16_for_052_tracedecl.tree"
T     22636  9183556  1670483472   447892734  1670483472   447892734 "obj_dir/Vdecode_4to16_for_053_gate.tree"
T        89  9183557  1670483472   447892734  1670483472   447892734 "obj_dir/Vdecode_4to16_for_054_const.tree"
T     21576  9183558  1670483472   447892734  1670483472   447892734 "obj_dir/Vdecode_4to16_for_055_deadAllScoped.tree"
T        89  9183559  1670483472   447892734  1670483472   447892734 "obj_dir/Vdecode_4to16_for_056_reorder.tree"
T        89  9183560  1670483472   447892734  1670483472   447892734 "obj_dir/Vdecode_4to16_for_057_delayed.tree"
T     21568  9183561  1670483472   447892734  1670483472   447892734 "obj_dir/Vdecode_4to16_for_058_activetop.tree"
T     75989  9183562  1670483472   451892848  1670483472   451892848 "obj_dir/Vdecode_4to16_for_059_sched.tree"
T     73323  9183563  1670483472   451892848  1670483472   451892848 "obj_dir/Vdecode_4to16_for_060_clock.tree"
T     73688  9183564  1670483472   451892848  1670483472   451892848 "obj_dir/Vdecode_4to16_for_061_const.tree"
T        89  9183565  1670483472   451892848  1670483472   451892848 "obj_dir/Vdecode_4to16_for_062_life.tree"
T        89  9183566  1670483472   451892848  1670483472   451892848 "obj_dir/Vdecode_4to16_for_063_life_post.tree"
T     74559  9183567  1670483472   455892963  1670483472   455892963 "obj_dir/Vdecode_4to16_for_064_const.tree"
T        89  9183568  1670483472   455892963  1670483472   455892963 "obj_dir/Vdecode_4to16_for_065_deadAllScoped.tree"
T     81270  9183569  1670483472   455892963  1670483472   455892963 "obj_dir/Vdecode_4to16_for_066_trace.tree"
T     63155  9183570  1670483472   455892963  1670483472   455892963 "obj_dir/Vdecode_4to16_for_068_descope.tree"
T     52111  9183571  1670483472   455892963  1670483472   455892963 "obj_dir/Vdecode_4to16_for_069_combine.tree"
T     51969  9183572  1670483472   459893076  1670483472   459893076 "obj_dir/Vdecode_4to16_for_070_const.tree"
T     51165  9183573  1670483472   459893076  1670483472   459893076 "obj_dir/Vdecode_4to16_for_071_deadAll.tree"
T     54107  9183574  1670483472   459893076  1670483472   459893076 "obj_dir/Vdecode_4to16_for_072_clean.tree"
T     56301  9183575  1670483472   459893076  1670483472   459893076 "obj_dir/Vdecode_4to16_for_073_premit.tree"
T     60280  9183576  1670483472   463893190  1670483472   463893190 "obj_dir/Vdecode_4to16_for_074_expand.tree"
T        89  9183577  1670483472   463893190  1670483472   463893190 "obj_dir/Vdecode_4to16_for_075_const_cpp.tree"
T     58245  9183578  1670483472   463893190  1670483472   463893190 "obj_dir/Vdecode_4to16_for_076_subst.tree"
T        89  9183579  1670483472   463893190  1670483472   463893190 "obj_dir/Vdecode_4to16_for_077_const_cpp.tree"
T     56712  9183580  1670483472   463893190  1670483472   463893190 "obj_dir/Vdecode_4to16_for_078_deadAll.tree"
T     59399  9183581  1670483472   463893190  1670483472   463893190 "obj_dir/Vdecode_4to16_for_082_cast.tree"
T     62691  9183582  1670483472   467893305  1670483472   467893305 "obj_dir/Vdecode_4to16_for_083_common.tree"
T     62808  9183583  1670483472   467893305  1670483472   467893305 "obj_dir/Vdecode_4to16_for_084_variableorder.tree"
T        89  9183584  1670483472   467893305  1670483472   467893305 "obj_dir/Vdecode_4to16_for_085_cuse.tree"
T     64143  9183601  1670483472   471893419  1670483472   471893419 "obj_dir/Vdecode_4to16_for_990_final.tree"
T       842  9183585  1670483472   467893305  1670483472   467893305 "obj_dir/Vdecode_4to16_for__Syms.cpp"
T      1190  9183586  1670483472   467893305  1670483472   467893305 "obj_dir/Vdecode_4to16_for__Syms.h"
T      2006  9183596  1670483472   467893305  1670483472   467893305 "obj_dir/Vdecode_4to16_for__Trace__0.cpp"
T      3597  9183595  1670483472   467893305  1670483472   467893305 "obj_dir/Vdecode_4to16_for__Trace__0__Slow.cpp"
T      1182  9183589  1670483472   467893305  1670483472   467893305 "obj_dir/Vdecode_4to16_for___024root.h"
T      7400  9183594  1670483472   467893305  1670483472   467893305 "obj_dir/Vdecode_4to16_for___024root__DepSet_h345f46be__0.cpp"
T      6144  9183592  1670483472   467893305  1670483472   467893305 "obj_dir/Vdecode_4to16_for___024root__DepSet_h345f46be__0__Slow.cpp"
T      1578  9183593  1670483472   467893305  1670483472   467893305 "obj_dir/Vdecode_4to16_for___024root__DepSet_hb039bebf__0.cpp"
T       963  9183591  1670483472   467893305  1670483472   467893305 "obj_dir/Vdecode_4to16_for___024root__DepSet_hb039bebf__0__Slow.cpp"
T       764  9183590  1670483472   467893305  1670483472   467893305 "obj_dir/Vdecode_4to16_for___024root__Slow.cpp"
T     58146  9183598  1670483472   471893419  1670483472   471893419 "obj_dir/Vdecode_4to16_for__stats.txt"
T      3773  9183602  1670483472   471893419  1670483472   471893419 "obj_dir/Vdecode_4to16_for__ver.d"
T         0        0  1670483472   471893419  1670483472   471893419 "obj_dir/Vdecode_4to16_for__verFiles.dat"
T      1812  9183599  1670483472   471893419  1670483472   471893419 "obj_dir/Vdecode_4to16_for_classes.mk"
T       611  9183517  1670483472   435892392  1670483472   435892392 "obj_dir/Vdecode_4to16_for_decode_4to16_for.v.vpp"
