# DESCRIPTION: Verilator output: Timestamp data for --skip-identical.  Delete at will.
C "--cc --exe --build --debug --trace decode_1to2_case_sim.cpp decode_1to2_case.v"
S  96767328  5510302  1670255541   846965845  1670255541   846965845 "/usr/local/bin/verilator_bin_dbg"
S       300  9179934  1670475841   597914175  1670475841   597914175 "decode_1to2_case.v"
T      5316  9182840  1670476134   193015225  1670476134   193015225 "obj_dir/Vdecode_1to2_case.cpp"
T      3074  9182839  1670476134   193015225  1670476134   193015225 "obj_dir/Vdecode_1to2_case.h"
T      1937  9182852  1670476134   193015225  1670476134   193015225 "obj_dir/Vdecode_1to2_case.mk"
T     32203  9182849  1670476134   193015225  1670476134   193015225 "obj_dir/Vdecode_1to2_case.xml"
T      3847  9182770  1670476134   169013902  1670476134   169013902 "obj_dir/Vdecode_1to2_case_001_cells.tree"
T      4075  9182771  1670476134   169013902  1670476134   169013902 "obj_dir/Vdecode_1to2_case_006_linkjump.tree"
T        87  9182772  1670476134   169013902  1670476134   169013902 "obj_dir/Vdecode_1to2_case_007_linkinc.tree"
T      4056  9182773  1670476134   169013902  1670476134   169013902 "obj_dir/Vdecode_1to2_case_009_linkdotparam.tree"
T      4099  9182774  1670476134   173014123  1670476134   173014123 "obj_dir/Vdecode_1to2_case_011_width.tree"
T      4002  9182775  1670476134   173014123  1670476134   173014123 "obj_dir/Vdecode_1to2_case_013_const.tree"
T        87  9182776  1670476134   173014123  1670476134   173014123 "obj_dir/Vdecode_1to2_case_014_assertpre.tree"
T        87  9182777  1670476134   173014123  1670476134   173014123 "obj_dir/Vdecode_1to2_case_015_assert.tree"
T      5465  9182778  1670476134   173014123  1670476134   173014123 "obj_dir/Vdecode_1to2_case_017_const.tree"
T      5370  9182779  1670476134   173014123  1670476134   173014123 "obj_dir/Vdecode_1to2_case_022_begin.tree"
T        87  9182780  1670476134   173014123  1670476134   173014123 "obj_dir/Vdecode_1to2_case_023_tristate.tree"
T        87  9182781  1670476134   173014123  1670476134   173014123 "obj_dir/Vdecode_1to2_case_024_unknown.tree"
T        87  9182782  1670476134   173014123  1670476134   173014123 "obj_dir/Vdecode_1to2_case_025_dfg-extract.tree"
T      5417  9182783  1670476134   173014123  1670476134   173014123 "obj_dir/Vdecode_1to2_case_026_dfg-optimize.tree"
T      5766  9182784  1670476134   173014123  1670476134   173014123 "obj_dir/Vdecode_1to2_case_027_inline.tree"
T      5831  9182785  1670476134   173014123  1670476134   173014123 "obj_dir/Vdecode_1to2_case_029_dfg-optimize.tree"
T      5758  9182786  1670476134   173014123  1670476134   173014123 "obj_dir/Vdecode_1to2_case_030_const.tree"
T      5473  9182787  1670476134   177014342  1670476134   177014342 "obj_dir/Vdecode_1to2_case_031_deadDtypes.tree"
T        87  9182788  1670476134   177014342  1670476134   177014342 "obj_dir/Vdecode_1to2_case_032_inst.tree"
T        87  9182789  1670476134   177014342  1670476134   177014342 "obj_dir/Vdecode_1to2_case_033_const.tree"
T      8542  9182790  1670476134   177014342  1670476134   177014342 "obj_dir/Vdecode_1to2_case_034_scope.tree"
T      8407  9182791  1670476134   177014342  1670476134   177014342 "obj_dir/Vdecode_1to2_case_035_linkdot.tree"
T        87  9182792  1670476134   177014342  1670476134   177014342 "obj_dir/Vdecode_1to2_case_036_class.tree"
T        87  9182793  1670476134   177014342  1670476134   177014342 "obj_dir/Vdecode_1to2_case_037_const.tree"
T        87  9182794  1670476134   177014342  1670476134   177014342 "obj_dir/Vdecode_1to2_case_038_deadDtypesScoped.tree"
T     10397  9182795  1670476134   177014342  1670476134   177014342 "obj_dir/Vdecode_1to2_case_039_case.tree"
T        87  9182796  1670476134   177014342  1670476134   177014342 "obj_dir/Vdecode_1to2_case_040_task.tree"
T     10362  9182797  1670476134   177014342  1670476134   177014342 "obj_dir/Vdecode_1to2_case_042_unroll.tree"
T        87  9182798  1670476134   177014342  1670476134   177014342 "obj_dir/Vdecode_1to2_case_043_slice.tree"
T      8679  9182799  1670476134   177014342  1670476134   177014342 "obj_dir/Vdecode_1to2_case_044_const.tree"
T        87  9182800  1670476134   177014342  1670476134   177014342 "obj_dir/Vdecode_1to2_case_045_life.tree"
T        87  9182801  1670476134   177014342  1670476134   177014342 "obj_dir/Vdecode_1to2_case_046_table.tree"
T        87  9182802  1670476134   177014342  1670476134   177014342 "obj_dir/Vdecode_1to2_case_047_const.tree"
T        87  9182803  1670476134   177014342  1670476134   177014342 "obj_dir/Vdecode_1to2_case_048_deadDtypesScoped.tree"
T      8177  9182804  1670476134   177014342  1670476134   177014342 "obj_dir/Vdecode_1to2_case_049_active.tree"
T      8130  9182805  1670476134   177014342  1670476134   177014342 "obj_dir/Vdecode_1to2_case_050_split.tree"
T        87  9182806  1670476134   177014342  1670476134   177014342 "obj_dir/Vdecode_1to2_case_051_splitas.tree"
T     11261  9182807  1670476134   177014342  1670476134   177014342 "obj_dir/Vdecode_1to2_case_052_tracedecl.tree"
T      8951  9182808  1670476134   177014342  1670476134   177014342 "obj_dir/Vdecode_1to2_case_053_gate.tree"
T        87  9182809  1670476134   177014342  1670476134   177014342 "obj_dir/Vdecode_1to2_case_054_const.tree"
T      7894  9182810  1670476134   177014342  1670476134   177014342 "obj_dir/Vdecode_1to2_case_055_deadAllScoped.tree"
T        87  9182811  1670476134   177014342  1670476134   177014342 "obj_dir/Vdecode_1to2_case_056_reorder.tree"
T        87  9182812  1670476134   177014342  1670476134   177014342 "obj_dir/Vdecode_1to2_case_057_delayed.tree"
T      7886  9182813  1670476134   177014342  1670476134   177014342 "obj_dir/Vdecode_1to2_case_058_activetop.tree"
T     51136  9182814  1670476134   181014564  1670476134   181014564 "obj_dir/Vdecode_1to2_case_059_sched.tree"
T     48479  9182815  1670476134   181014564  1670476134   181014564 "obj_dir/Vdecode_1to2_case_060_clock.tree"
T     48846  9182816  1670476134   181014564  1670476134   181014564 "obj_dir/Vdecode_1to2_case_061_const.tree"
T        89  9182817  1670476134   181014564  1670476134   181014564 "obj_dir/Vdecode_1to2_case_062_life.tree"
T        89  9182818  1670476134   181014564  1670476134   181014564 "obj_dir/Vdecode_1to2_case_063_life_post.tree"
T     49423  9182819  1670476134   181014564  1670476134   181014564 "obj_dir/Vdecode_1to2_case_064_const.tree"
T        89  9182820  1670476134   181014564  1670476134   181014564 "obj_dir/Vdecode_1to2_case_065_deadAllScoped.tree"
T     55723  9182821  1670476134   181014564  1670476134   181014564 "obj_dir/Vdecode_1to2_case_066_trace.tree"
T     43012  9182822  1670476134   185014783  1670476134   185014783 "obj_dir/Vdecode_1to2_case_068_descope.tree"
T     41087  9182823  1670476134   185014783  1670476134   185014783 "obj_dir/Vdecode_1to2_case_069_combine.tree"
T     40949  9182824  1670476134   185014783  1670476134   185014783 "obj_dir/Vdecode_1to2_case_070_const.tree"
T     40146  9182825  1670476134   185014783  1670476134   185014783 "obj_dir/Vdecode_1to2_case_071_deadAll.tree"
T     41821  9182826  1670476134   185014783  1670476134   185014783 "obj_dir/Vdecode_1to2_case_072_clean.tree"
T     44093  9182827  1670476134   185014783  1670476134   185014783 "obj_dir/Vdecode_1to2_case_073_premit.tree"
T        89  9182828  1670476134   185014783  1670476134   185014783 "obj_dir/Vdecode_1to2_case_074_expand.tree"
T        89  9182829  1670476134   185014783  1670476134   185014783 "obj_dir/Vdecode_1to2_case_075_const_cpp.tree"
T     42118  9182830  1670476134   189015004  1670476134   189015004 "obj_dir/Vdecode_1to2_case_076_subst.tree"
T        89  9182831  1670476134   189015004  1670476134   189015004 "obj_dir/Vdecode_1to2_case_077_const_cpp.tree"
T     41702  9182832  1670476134   189015004  1670476134   189015004 "obj_dir/Vdecode_1to2_case_078_deadAll.tree"
T     42444  9182833  1670476134   189015004  1670476134   189015004 "obj_dir/Vdecode_1to2_case_082_cast.tree"
T     45521  9182834  1670476134   189015004  1670476134   189015004 "obj_dir/Vdecode_1to2_case_083_common.tree"
T     45595  9182835  1670476134   189015004  1670476134   189015004 "obj_dir/Vdecode_1to2_case_084_variableorder.tree"
T        89  9182836  1670476134   189015004  1670476134   189015004 "obj_dir/Vdecode_1to2_case_085_cuse.tree"
T     46912  9182853  1670476134   197015445  1670476134   197015445 "obj_dir/Vdecode_1to2_case_990_final.tree"
T       842  9182837  1670476134   193015225  1670476134   193015225 "obj_dir/Vdecode_1to2_case__Syms.cpp"
T      1190  9182838  1670476134   193015225  1670476134   193015225 "obj_dir/Vdecode_1to2_case__Syms.h"
T      1935  9182848  1670476134   193015225  1670476134   193015225 "obj_dir/Vdecode_1to2_case__Trace__0.cpp"
T      3477  9182847  1670476134   193015225  1670476134   193015225 "obj_dir/Vdecode_1to2_case__Trace__0__Slow.cpp"
T      1136  9182841  1670476134   193015225  1670476134   193015225 "obj_dir/Vdecode_1to2_case___024root.h"
T      5777  9182846  1670476134   193015225  1670476134   193015225 "obj_dir/Vdecode_1to2_case___024root__DepSet_h032a46f2__0.cpp"
T      6083  9182844  1670476134   193015225  1670476134   193015225 "obj_dir/Vdecode_1to2_case___024root__DepSet_h032a46f2__0__Slow.cpp"
T      1578  9182845  1670476134   193015225  1670476134   193015225 "obj_dir/Vdecode_1to2_case___024root__DepSet_h68038233__0.cpp"
T       963  9182843  1670476134   193015225  1670476134   193015225 "obj_dir/Vdecode_1to2_case___024root__DepSet_h68038233__0__Slow.cpp"
T       764  9182842  1670476134   193015225  1670476134   193015225 "obj_dir/Vdecode_1to2_case___024root__Slow.cpp"
T     56061  9182850  1670476134   193015225  1670476134   193015225 "obj_dir/Vdecode_1to2_case__stats.txt"
T      3773  9182854  1670476134   197015445  1670476134   197015445 "obj_dir/Vdecode_1to2_case__ver.d"
T         0        0  1670476134   197015445  1670476134   197015445 "obj_dir/Vdecode_1to2_case__verFiles.dat"
T      1812  9182851  1670476134   193015225  1670476134   193015225 "obj_dir/Vdecode_1to2_case_classes.mk"
T       423  9182769  1670476134   165013681  1670476134   165013681 "obj_dir/Vdecode_1to2_case_decode_1to2_case.v.vpp"
