# DESCRIPTION: Verilator output: Timestamp data for --skip-identical.  Delete at will.
C "--cc --exe --build --debug --trace decode_4to16_case_sim.cpp decode_4to16_case.v"
S  96767328  5510302  1670255541   846965845  1670255541   846965845 "/usr/local/bin/verilator_bin_dbg"
S      1148  9183416  1670482892   600665781  1670482678   408166690 "decode_4to16_case.v"
T      5366  9183483  1670482953   362090397  1670482953   362090397 "obj_dir/Vdecode_4to16_case.cpp"
T      3087  9183482  1670482953   362090397  1670482953   362090397 "obj_dir/Vdecode_4to16_case.h"
T      1946  9183495  1670482953   362090397  1670482953   362090397 "obj_dir/Vdecode_4to16_case.mk"
T     34960  9183492  1670482953   362090397  1670482953   362090397 "obj_dir/Vdecode_4to16_case.xml"
T      9808  9182986  1670482953   334089728  1670482953   334089728 "obj_dir/Vdecode_4to16_case_001_cells.tree"
T     10760  9182987  1670482953   334089728  1670482953   334089728 "obj_dir/Vdecode_4to16_case_006_linkjump.tree"
T        87  9183201  1670482953   334089728  1670482953   334089728 "obj_dir/Vdecode_4to16_case_007_linkinc.tree"
T     10713  9183202  1670482953   338089824  1670482953   338089824 "obj_dir/Vdecode_4to16_case_009_linkdotparam.tree"
T     11760  9183203  1670482953   338089824  1670482953   338089824 "obj_dir/Vdecode_4to16_case_011_width.tree"
T     11349  9183204  1670482953   338089824  1670482953   338089824 "obj_dir/Vdecode_4to16_case_013_const.tree"
T        87  9183418  1670482953   338089824  1670482953   338089824 "obj_dir/Vdecode_4to16_case_014_assertpre.tree"
T        87  9183419  1670482953   338089824  1670482953   338089824 "obj_dir/Vdecode_4to16_case_015_assert.tree"
T     12788  9183420  1670482953   338089824  1670482953   338089824 "obj_dir/Vdecode_4to16_case_017_const.tree"
T     12552  9183421  1670482953   338089824  1670482953   338089824 "obj_dir/Vdecode_4to16_case_022_begin.tree"
T        87  9183422  1670482953   338089824  1670482953   338089824 "obj_dir/Vdecode_4to16_case_023_tristate.tree"
T        87  9183423  1670482953   338089824  1670482953   338089824 "obj_dir/Vdecode_4to16_case_024_unknown.tree"
T        87  9183424  1670482953   338089824  1670482953   338089824 "obj_dir/Vdecode_4to16_case_025_dfg-extract.tree"
T     12697  9183425  1670482953   338089824  1670482953   338089824 "obj_dir/Vdecode_4to16_case_026_dfg-optimize.tree"
T     13081  9183426  1670482953   338089824  1670482953   338089824 "obj_dir/Vdecode_4to16_case_027_inline.tree"
T     13244  9183427  1670482953   338089824  1670482953   338089824 "obj_dir/Vdecode_4to16_case_029_dfg-optimize.tree"
T     13073  9183428  1670482953   338089824  1670482953   338089824 "obj_dir/Vdecode_4to16_case_030_const.tree"
T     12506  9183429  1670482953   338089824  1670482953   338089824 "obj_dir/Vdecode_4to16_case_031_deadDtypes.tree"
T        87  9183430  1670482953   342089919  1670482953   342089919 "obj_dir/Vdecode_4to16_case_032_inst.tree"
T        87  9183431  1670482953   342089919  1670482953   342089919 "obj_dir/Vdecode_4to16_case_033_const.tree"
T     17343  9183432  1670482953   342089919  1670482953   342089919 "obj_dir/Vdecode_4to16_case_034_scope.tree"
T     17192  9183433  1670482953   342089919  1670482953   342089919 "obj_dir/Vdecode_4to16_case_035_linkdot.tree"
T        87  9183434  1670482953   342089919  1670482953   342089919 "obj_dir/Vdecode_4to16_case_036_class.tree"
T        87  9183435  1670482953   342089919  1670482953   342089919 "obj_dir/Vdecode_4to16_case_037_const.tree"
T        87  9183436  1670482953   342089919  1670482953   342089919 "obj_dir/Vdecode_4to16_case_038_deadDtypesScoped.tree"
T     27533  9183437  1670482953   342089919  1670482953   342089919 "obj_dir/Vdecode_4to16_case_039_case.tree"
T        89  9183438  1670482953   342089919  1670482953   342089919 "obj_dir/Vdecode_4to16_case_040_task.tree"
T     27342  9183439  1670482953   342089919  1670482953   342089919 "obj_dir/Vdecode_4to16_case_042_unroll.tree"
T        89  9183440  1670482953   342089919  1670482953   342089919 "obj_dir/Vdecode_4to16_case_043_slice.tree"
T     19116  9183441  1670482953   342089919  1670482953   342089919 "obj_dir/Vdecode_4to16_case_044_const.tree"
T        89  9183442  1670482953   342089919  1670482953   342089919 "obj_dir/Vdecode_4to16_case_045_life.tree"
T     18599  9183443  1670482953   342089919  1670482953   342089919 "obj_dir/Vdecode_4to16_case_046_table.tree"
T        89  9183444  1670482953   342089919  1670482953   342089919 "obj_dir/Vdecode_4to16_case_047_const.tree"
T     13272  9183445  1670482953   342089919  1670482953   342089919 "obj_dir/Vdecode_4to16_case_048_deadDtypesScoped.tree"
T     12806  9183446  1670482953   342089919  1670482953   342089919 "obj_dir/Vdecode_4to16_case_049_active.tree"
T        89  9183447  1670482953   342089919  1670482953   342089919 "obj_dir/Vdecode_4to16_case_050_split.tree"
T        89  9183448  1670482953   346090015  1670482953   346090015 "obj_dir/Vdecode_4to16_case_051_splitas.tree"
T     15927  9183449  1670482953   346090015  1670482953   346090015 "obj_dir/Vdecode_4to16_case_052_tracedecl.tree"
T     13588  9183450  1670482953   346090015  1670482953   346090015 "obj_dir/Vdecode_4to16_case_053_gate.tree"
T        89  9183451  1670482953   346090015  1670482953   346090015 "obj_dir/Vdecode_4to16_case_054_const.tree"
T     12194  9183452  1670482953   346090015  1670482953   346090015 "obj_dir/Vdecode_4to16_case_055_deadAllScoped.tree"
T        89  9183453  1670482953   346090015  1670482953   346090015 "obj_dir/Vdecode_4to16_case_056_reorder.tree"
T        89  9183454  1670482953   346090015  1670482953   346090015 "obj_dir/Vdecode_4to16_case_057_delayed.tree"
T     12186  9183455  1670482953   346090015  1670482953   346090015 "obj_dir/Vdecode_4to16_case_058_activetop.tree"
T     54807  9183456  1670482953   346090015  1670482953   346090015 "obj_dir/Vdecode_4to16_case_059_sched.tree"
T     52143  9183457  1670482953   346090015  1670482953   346090015 "obj_dir/Vdecode_4to16_case_060_clock.tree"
T     52508  9183458  1670482953   346090015  1670482953   346090015 "obj_dir/Vdecode_4to16_case_061_const.tree"
T        89  9183459  1670482953   350090110  1670482953   350090110 "obj_dir/Vdecode_4to16_case_062_life.tree"
T        89  9183460  1670482953   350090110  1670482953   350090110 "obj_dir/Vdecode_4to16_case_063_life_post.tree"
T     53099  9183461  1670482953   350090110  1670482953   350090110 "obj_dir/Vdecode_4to16_case_064_const.tree"
T        89  9183462  1670482953   350090110  1670482953   350090110 "obj_dir/Vdecode_4to16_case_065_deadAllScoped.tree"
T     59399  9183463  1670482953   350090110  1670482953   350090110 "obj_dir/Vdecode_4to16_case_066_trace.tree"
T     46391  9183464  1670482953   350090110  1670482953   350090110 "obj_dir/Vdecode_4to16_case_068_descope.tree"
T     44672  9183465  1670482953   350090110  1670482953   350090110 "obj_dir/Vdecode_4to16_case_069_combine.tree"
T     44534  9183466  1670482953   354090206  1670482953   354090206 "obj_dir/Vdecode_4to16_case_070_const.tree"
T     43638  9183467  1670482953   354090206  1670482953   354090206 "obj_dir/Vdecode_4to16_case_071_deadAll.tree"
T     45825  9183468  1670482953   354090206  1670482953   354090206 "obj_dir/Vdecode_4to16_case_072_clean.tree"
T     48079  9183469  1670482953   354090206  1670482953   354090206 "obj_dir/Vdecode_4to16_case_073_premit.tree"
T     48216  9183470  1670482953   354090206  1670482953   354090206 "obj_dir/Vdecode_4to16_case_074_expand.tree"
T        89  9183471  1670482953   354090206  1670482953   354090206 "obj_dir/Vdecode_4to16_case_075_const_cpp.tree"
T     46268  9183472  1670482953   358090301  1670482953   358090301 "obj_dir/Vdecode_4to16_case_076_subst.tree"
T        89  9183473  1670482953   358090301  1670482953   358090301 "obj_dir/Vdecode_4to16_case_077_const_cpp.tree"
T     45635  9183474  1670482953   358090301  1670482953   358090301 "obj_dir/Vdecode_4to16_case_078_deadAll.tree"
T     46559  9183475  1670482953   358090301  1670482953   358090301 "obj_dir/Vdecode_4to16_case_082_cast.tree"
T     49625  9183476  1670482953   358090301  1670482953   358090301 "obj_dir/Vdecode_4to16_case_083_common.tree"
T     49680  9183477  1670482953   358090301  1670482953   358090301 "obj_dir/Vdecode_4to16_case_084_variableorder.tree"
T        89  9183478  1670482953   358090301  1670482953   358090301 "obj_dir/Vdecode_4to16_case_085_cuse.tree"
T     51185  9183496  1670482953   366090492  1670482953   366090492 "obj_dir/Vdecode_4to16_case_990_final.tree"
T       505  9183481  1670482953   362090397  1670482953   362090397 "obj_dir/Vdecode_4to16_case__ConstPool_0.cpp"
T       850  9183479  1670482953   362090397  1670482953   362090397 "obj_dir/Vdecode_4to16_case__Syms.cpp"
T      1199  9183480  1670482953   362090397  1670482953   362090397 "obj_dir/Vdecode_4to16_case__Syms.h"
T      1958  9183491  1670482953   362090397  1670482953   362090397 "obj_dir/Vdecode_4to16_case__Trace__0.cpp"
T      3517  9183490  1670482953   362090397  1670482953   362090397 "obj_dir/Vdecode_4to16_case__Trace__0__Slow.cpp"
T      1148  9183484  1670482953   362090397  1670482953   362090397 "obj_dir/Vdecode_4to16_case___024root.h"
T      1595  9183488  1670482953   362090397  1670482953   362090397 "obj_dir/Vdecode_4to16_case___024root__DepSet_h1dc45cf3__0.cpp"
T       973  9183486  1670482953   362090397  1670482953   362090397 "obj_dir/Vdecode_4to16_case___024root__DepSet_h1dc45cf3__0__Slow.cpp"
T      5902  9183489  1670482953   362090397  1670482953   362090397 "obj_dir/Vdecode_4to16_case___024root__DepSet_h9db35390__0.cpp"
T      6139  9183487  1670482953   362090397  1670482953   362090397 "obj_dir/Vdecode_4to16_case___024root__DepSet_h9db35390__0__Slow.cpp"
T       776  9183485  1670482953   362090397  1670482953   362090397 "obj_dir/Vdecode_4to16_case___024root__Slow.cpp"
T     57509  9183493  1670482953   362090397  1670482953   362090397 "obj_dir/Vdecode_4to16_case__stats.txt"
T      3905  9183497  1670482953   366090492  1670482953   366090492 "obj_dir/Vdecode_4to16_case__ver.d"
T         0        0  1670482953   366090492  1670482953   366090492 "obj_dir/Vdecode_4to16_case__verFiles.dat"
T      1857  9183494  1670482953   362090397  1670482953   362090397 "obj_dir/Vdecode_4to16_case_classes.mk"
T      1272  9182985  1670482953   334089728  1670482953   334089728 "obj_dir/Vdecode_4to16_case_decode_4to16_case.v.vpp"
