# DESCRIPTION: Verilator output: Timestamp data for --skip-identical.  Delete at will.
C "--cc --exe --build --trace --debug BarrelShifter_8Bit_sim.cpp BarrelShifter_8Bit.v"
S  75996664  3413312  1675058799   531685933  1675058799   531685933 "/usr/local/bin/verilator_bin_dbg"
S      3622  4984635  1675488345   631169827  1675488345   631169827 "BarrelShifter_8Bit.v"
S       258  4984637  1675488362   513583967  1675488362   513583967 "mux21.v"
S       484  4984638  1675488354    50368533  1675488354    50368533 "mux41.v"
T      5849  5002347  1675488733   674599349  1675488733   674599349 "obj_dir/VBarrelShifter_8Bit.cpp"
T      2899  5002346  1675488733   674599349  1675488733   674599349 "obj_dir/VBarrelShifter_8Bit.h"
T      1955  5002356  1675488733   682602390  1675488733   682602390 "obj_dir/VBarrelShifter_8Bit.mk"
T    152811  5002353  1675488733   682602390  1675488733   682602390 "obj_dir/VBarrelShifter_8Bit.xml"
T       552  4984642  1675488733   450514212  1675488733   450514212 "obj_dir/VBarrelShifter_8Bit_001_linkcells.dot"
T     46990  4984643  1675488733   450514212  1675488733   450514212 "obj_dir/VBarrelShifter_8Bit_002_cells.tree"
T     83306  4984644  1675488733   454515733  1675488733   454515733 "obj_dir/VBarrelShifter_8Bit_007_link.tree"
T        89  4984645  1675488733   454515733  1675488733   454515733 "obj_dir/VBarrelShifter_8Bit_008_linkInc.tree"
T        89  4984646  1675488733   454515733  1675488733   454515733 "obj_dir/VBarrelShifter_8Bit_010_paramlink.tree"
T     90272  4984647  1675488733   458517252  1675488733   458517252 "obj_dir/VBarrelShifter_8Bit_012_width.tree"
T     89392  4984648  1675488733   458517252  1675488733   458517252 "obj_dir/VBarrelShifter_8Bit_014_const.tree"
T        89  4984649  1675488733   462518773  1675488733   462518773 "obj_dir/VBarrelShifter_8Bit_015_assertpre.tree"
T        89  4984650  1675488733   462518773  1675488733   462518773 "obj_dir/VBarrelShifter_8Bit_016_assert.tree"
T     91406  4984651  1675488733   462518773  1675488733   462518773 "obj_dir/VBarrelShifter_8Bit_018_const.tree"
T     91199  4984652  1675488733   466520293  1675488733   466520293 "obj_dir/VBarrelShifter_8Bit_023_begin.tree"
T    128182  4984653  1675488733   470521814  1675488733   470521814 "obj_dir/VBarrelShifter_8Bit_024_tristate.tree"
T    128264  4984654  1675488733   470521814  1675488733   470521814 "obj_dir/VBarrelShifter_8Bit_025_unknown.tree"
T    300430  4984655  1675488733   474523334  1675488733   474523334 "obj_dir/VBarrelShifter_8Bit_026_inline.tree"
T    301060  4984656  1675488733   482526375  1675488733   482526375 "obj_dir/VBarrelShifter_8Bit_028_const.tree"
T    297131  4984657  1675488733   486527895  1675488733   486527895 "obj_dir/VBarrelShifter_8Bit_029_deadDtypes.tree"
T        91  4984658  1675488733   486527895  1675488733   486527895 "obj_dir/VBarrelShifter_8Bit_030_inst.tree"
T        91  4984659  1675488733   486527895  1675488733   486527895 "obj_dir/VBarrelShifter_8Bit_031_const.tree"
T    457924  4984660  1675488733   494530935  1675488733   494530935 "obj_dir/VBarrelShifter_8Bit_032_scope.tree"
T    453625  4984661  1675488733   502533976  1675488733   502533976 "obj_dir/VBarrelShifter_8Bit_033_linkdot.tree"
T        91  4984662  1675488733   502533976  1675488733   502533976 "obj_dir/VBarrelShifter_8Bit_034_class.tree"
T        91  4984663  1675488733   502533976  1675488733   502533976 "obj_dir/VBarrelShifter_8Bit_035_const.tree"
T        91  4984664  1675488733   502533976  1675488733   502533976 "obj_dir/VBarrelShifter_8Bit_036_deadDtypesScoped.tree"
T    623700  4984665  1675488733   514538537  1675488733   514538537 "obj_dir/VBarrelShifter_8Bit_037_case.tree"
T       193  4984666  1675488733   514538537  1675488733   514538537 "obj_dir/VBarrelShifter_8Bit_038_task_call.dot"
T        91  4984667  1675488733   514538537  1675488733   514538537 "obj_dir/VBarrelShifter_8Bit_039_task.tree"
T    628136  4984668  1675488733   526543098  1675488733   526543098 "obj_dir/VBarrelShifter_8Bit_041_unroll.tree"
T        91  4984669  1675488733   526543098  1675488733   526543098 "obj_dir/VBarrelShifter_8Bit_042_slice.tree"
T    460078  4984670  1675488733   534546138  1675488733   534546138 "obj_dir/VBarrelShifter_8Bit_043_const.tree"
T        91  4984671  1675488733   534546138  1675488733   534546138 "obj_dir/VBarrelShifter_8Bit_044_life.tree"
T        91  4984672  1675488733   538547659  1675488733   538547659 "obj_dir/VBarrelShifter_8Bit_045_table.tree"
T        91  4984673  1675488733   538547659  1675488733   538547659 "obj_dir/VBarrelShifter_8Bit_046_const.tree"
T    459412  4984674  1675488733   542549179  1675488733   542549179 "obj_dir/VBarrelShifter_8Bit_047_deadDtypesScoped.tree"
T    445428  4984675  1675488733   550552220  1675488733   550552220 "obj_dir/VBarrelShifter_8Bit_048_active.tree"
T    587864  4984676  1675488733   558555260  1675488733   558555260 "obj_dir/VBarrelShifter_8Bit_049_split.tree"
T        91  4984677  1675488733   558555260  1675488733   558555260 "obj_dir/VBarrelShifter_8Bit_050_splitas.tree"
T    681882  4984678  1675488733   570559821  1675488733   570559821 "obj_dir/VBarrelShifter_8Bit_051_tracedecl.tree"
T    132051  4984679  1675488733   570559821  1675488733   570559821 "obj_dir/VBarrelShifter_8Bit_052_gate_simp.dot"
T    117112  4984680  1675488733   574561341  1675488733   574561341 "obj_dir/VBarrelShifter_8Bit_053_gate_opt.dot"
T    368759  4984681  1675488733   578562862  1675488733   578562862 "obj_dir/VBarrelShifter_8Bit_054_gate.tree"
T    368167  4984682  1675488733   582564382  1675488733   582564382 "obj_dir/VBarrelShifter_8Bit_055_const.tree"
T    278600  4986865  1675488733   586565903  1675488733   586565903 "obj_dir/VBarrelShifter_8Bit_056_deadAllScoped.tree"
T        91  4986921  1675488733   590567422  1675488733   590567422 "obj_dir/VBarrelShifter_8Bit_057_reorder.tree"
T        91  5000640  1675488733   594568943  1675488733   594568943 "obj_dir/VBarrelShifter_8Bit_058_delayed.tree"
T    444776  5002313  1675488733   602571983  1675488733   602571983 "obj_dir/VBarrelShifter_8Bit_059_activetop.tree"
T     38896  5002314  1675488733   602571983  1675488733   602571983 "obj_dir/VBarrelShifter_8Bit_060_orderg_pre.dot"
T       147  5002315  1675488733   602571983  1675488733   602571983 "obj_dir/VBarrelShifter_8Bit_061_acyc_simp.dot"
T     38897  5002316  1675488733   602571983  1675488733   602571983 "obj_dir/VBarrelShifter_8Bit_062_orderg_acyc.dot"
T     39879  5002317  1675488733   606573504  1675488733   606573504 "obj_dir/VBarrelShifter_8Bit_063_orderg_order.dot"
T     39880  5002318  1675488733   606573504  1675488733   606573504 "obj_dir/VBarrelShifter_8Bit_064_orderg_domain.dot"
T      4303  5002319  1675488733   606573504  1675488733   606573504 "obj_dir/VBarrelShifter_8Bit_065_order_edges.txt"
T     39878  5002320  1675488733   606573504  1675488733   606573504 "obj_dir/VBarrelShifter_8Bit_066_orderg_done.dot"
T    438926  5002321  1675488733   610575024  1675488733   610575024 "obj_dir/VBarrelShifter_8Bit_067_order.tree"
T        91  5002322  1675488733   610575024  1675488733   610575024 "obj_dir/VBarrelShifter_8Bit_068_genclk.tree"
T    438282  5002323  1675488733   618578064  1675488733   618578064 "obj_dir/VBarrelShifter_8Bit_069_clock.tree"
T        91  5002324  1675488733   618578064  1675488733   618578064 "obj_dir/VBarrelShifter_8Bit_070_const.tree"
T        91  5002325  1675488733   622579585  1675488733   622579585 "obj_dir/VBarrelShifter_8Bit_071_life.tree"
T        91  5002326  1675488733   622579585  1675488733   622579585 "obj_dir/VBarrelShifter_8Bit_072_life_post.tree"
T        91  5002327  1675488733   622579585  1675488733   622579585 "obj_dir/VBarrelShifter_8Bit_073_const.tree"
T        91  5002328  1675488733   626581105  1675488733   626581105 "obj_dir/VBarrelShifter_8Bit_074_deadAllScoped.tree"
T    438659  5002329  1675488733   630582625  1675488733   630582625 "obj_dir/VBarrelShifter_8Bit_075_changed.tree"
T    419304  5002330  1675488733   638585666  1675488733   638585666 "obj_dir/VBarrelShifter_8Bit_076_trace.tree"
T    327929  5002331  1675488733   642587187  1675488733   642587187 "obj_dir/VBarrelShifter_8Bit_078_descope.tree"
T    201637  5002332  1675488733   646588707  1675488733   646588707 "obj_dir/VBarrelShifter_8Bit_079_combine.tree"
T    201378  5002333  1675488733   650590227  1675488733   650590227 "obj_dir/VBarrelShifter_8Bit_080_const.tree"
T        91  5002334  1675488733   650590227  1675488733   650590227 "obj_dir/VBarrelShifter_8Bit_081_deadAll.tree"
T    236061  5002335  1675488733   654591747  1675488733   654591747 "obj_dir/VBarrelShifter_8Bit_082_clean.tree"
T        91  5002336  1675488733   654591747  1675488733   654591747 "obj_dir/VBarrelShifter_8Bit_083_premit.tree"
T    221752  5002337  1675488733   658593268  1675488733   658593268 "obj_dir/VBarrelShifter_8Bit_084_expand.tree"
T    202176  5002338  1675488733   662594788  1675488733   662594788 "obj_dir/VBarrelShifter_8Bit_085_const_cpp.tree"
T        91  5002339  1675488733   662594788  1675488733   662594788 "obj_dir/VBarrelShifter_8Bit_086_subst.tree"
T        91  5002340  1675488733   662594788  1675488733   662594788 "obj_dir/VBarrelShifter_8Bit_087_const_cpp.tree"
T    200094  5002341  1675488733   666596308  1675488733   666596308 "obj_dir/VBarrelShifter_8Bit_088_deadAll.tree"
T    215264  5002342  1675488733   670597829  1675488733   670597829 "obj_dir/VBarrelShifter_8Bit_092_cast.tree"
T    225614  5002343  1675488733   674599349  1675488733   674599349 "obj_dir/VBarrelShifter_8Bit_093_cuse.tree"
T    226626  5002357  1675488733   686603910  1675488733   686603910 "obj_dir/VBarrelShifter_8Bit_990_final.tree"
T      3887  4984639  1675488733   450514212  1675488733   450514212 "obj_dir/VBarrelShifter_8Bit_BarrelShifter_8Bit.vpp"
T       857  5002344  1675488733   674599349  1675488733   674599349 "obj_dir/VBarrelShifter_8Bit__Syms.cpp"
T      1214  5002345  1675488733   674599349  1675488733   674599349 "obj_dir/VBarrelShifter_8Bit__Syms.h"
T      5158  5002349  1675488733   674599349  1675488733   674599349 "obj_dir/VBarrelShifter_8Bit__Trace.cpp"
T     20530  5002348  1675488733   674599349  1675488733   674599349 "obj_dir/VBarrelShifter_8Bit__Trace__Slow.cpp"
T     23356  5002352  1675488733   678600869  1675488733   678600869 "obj_dir/VBarrelShifter_8Bit___024root.cpp"
T      2531  5002350  1675488733   674599349  1675488733   674599349 "obj_dir/VBarrelShifter_8Bit___024root.h"
T      4431  5002351  1675488733   674599349  1675488733   674599349 "obj_dir/VBarrelShifter_8Bit___024root__Slow.cpp"
T     25384  5002354  1675488733   682602390  1675488733   682602390 "obj_dir/VBarrelShifter_8Bit__stats.txt"
T      4168  5002358  1675488733   686603910  1675488733   686603910 "obj_dir/VBarrelShifter_8Bit__ver.d"
T         0        0  1675488733   686603910  1675488733   686603910 "obj_dir/VBarrelShifter_8Bit__verFiles.dat"
T      1768  5002355  1675488733   682602390  1675488733   682602390 "obj_dir/VBarrelShifter_8Bit_classes.mk"
T       348  4984640  1675488733   450514212  1675488733   450514212 "obj_dir/VBarrelShifter_8Bit_mux21.vpp"
T       595  4984641  1675488733   450514212  1675488733   450514212 "obj_dir/VBarrelShifter_8Bit_mux41.vpp"
