# DESCRIPTION: Verilator output: Timestamp data for --skip-identical.  Delete at will.
C "--cc --exe --build --trace --debug AddMinusALU_32_sim.cpp AddMinusALU_32.v"
S  75996664  3413312  1675058799   531685933  1675058799   531685933 "/usr/local/bin/verilator_bin_dbg"
S       597  4980857  1675432083   616145003  1675432083   616145003 "AddMinusALU_32.v"
T      5725  4980937  1675432094    64145039  1675432094    64145039 "obj_dir/VAddMinusALU_32.cpp"
T      2908  4980936  1675432094    64145039  1675432094    64145039 "obj_dir/VAddMinusALU_32.h"
T      1919  4980946  1675432094    68145039  1675432094    68145039 "obj_dir/VAddMinusALU_32.mk"
T     17243  4980943  1675432094    64145039  1675432094    64145039 "obj_dir/VAddMinusALU_32.xml"
T       143  4980859  1675432094    44145039  1675432094    44145039 "obj_dir/VAddMinusALU_32_001_linkcells.dot"
T      7108  4980860  1675432094    44145039  1675432094    44145039 "obj_dir/VAddMinusALU_32_002_cells.tree"
T      8866  4980861  1675432094    44145039  1675432094    44145039 "obj_dir/VAddMinusALU_32_007_link.tree"
T        87  4980862  1675432094    44145039  1675432094    44145039 "obj_dir/VAddMinusALU_32_008_linkInc.tree"
T        87  4980863  1675432094    44145039  1675432094    44145039 "obj_dir/VAddMinusALU_32_010_paramlink.tree"
T     10233  4980864  1675432094    44145039  1675432094    44145039 "obj_dir/VAddMinusALU_32_012_width.tree"
T      9418  4980865  1675432094    48145039  1675432094    48145039 "obj_dir/VAddMinusALU_32_014_const.tree"
T        87  4980866  1675432094    48145039  1675432094    48145039 "obj_dir/VAddMinusALU_32_015_assertpre.tree"
T        87  4980867  1675432094    48145039  1675432094    48145039 "obj_dir/VAddMinusALU_32_016_assert.tree"
T     13334  4980868  1675432094    48145039  1675432094    48145039 "obj_dir/VAddMinusALU_32_018_const.tree"
T        87  4980869  1675432094    48145039  1675432094    48145039 "obj_dir/VAddMinusALU_32_023_begin.tree"
T        87  4980870  1675432094    48145039  1675432094    48145039 "obj_dir/VAddMinusALU_32_024_tristate.tree"
T     13808  4980871  1675432094    48145039  1675432094    48145039 "obj_dir/VAddMinusALU_32_025_unknown.tree"
T     15168  4980872  1675432094    48145039  1675432094    48145039 "obj_dir/VAddMinusALU_32_026_inline.tree"
T        89  4980873  1675432094    48145039  1675432094    48145039 "obj_dir/VAddMinusALU_32_028_const.tree"
T     13140  4980874  1675432094    48145039  1675432094    48145039 "obj_dir/VAddMinusALU_32_029_deadDtypes.tree"
T        89  4980875  1675432094    48145039  1675432094    48145039 "obj_dir/VAddMinusALU_32_030_inst.tree"
T        89  4980876  1675432094    48145039  1675432094    48145039 "obj_dir/VAddMinusALU_32_031_const.tree"
T     19896  4980877  1675432094    48145039  1675432094    48145039 "obj_dir/VAddMinusALU_32_032_scope.tree"
T     19725  4980878  1675432094    48145039  1675432094    48145039 "obj_dir/VAddMinusALU_32_033_linkdot.tree"
T        89  4980879  1675432094    48145039  1675432094    48145039 "obj_dir/VAddMinusALU_32_034_class.tree"
T        89  4980880  1675432094    48145039  1675432094    48145039 "obj_dir/VAddMinusALU_32_035_const.tree"
T        89  4980881  1675432094    52145039  1675432094    52145039 "obj_dir/VAddMinusALU_32_036_deadDtypesScoped.tree"
T        89  4980882  1675432094    52145039  1675432094    52145039 "obj_dir/VAddMinusALU_32_037_case.tree"
T       189  4980883  1675432094    52145039  1675432094    52145039 "obj_dir/VAddMinusALU_32_038_task_call.dot"
T        89  4980884  1675432094    52145039  1675432094    52145039 "obj_dir/VAddMinusALU_32_039_task.tree"
T     19868  4980885  1675432094    52145039  1675432094    52145039 "obj_dir/VAddMinusALU_32_041_unroll.tree"
T        89  4980886  1675432094    52145039  1675432094    52145039 "obj_dir/VAddMinusALU_32_042_slice.tree"
T        89  4980887  1675432094    52145039  1675432094    52145039 "obj_dir/VAddMinusALU_32_043_const.tree"
T        89  4980888  1675432094    52145039  1675432094    52145039 "obj_dir/VAddMinusALU_32_044_life.tree"
T        89  4980889  1675432094    52145039  1675432094    52145039 "obj_dir/VAddMinusALU_32_045_table.tree"
T        89  4980890  1675432094    52145039  1675432094    52145039 "obj_dir/VAddMinusALU_32_046_const.tree"
T        89  4980891  1675432094    52145039  1675432094    52145039 "obj_dir/VAddMinusALU_32_047_deadDtypesScoped.tree"
T     20248  4980892  1675432094    52145039  1675432094    52145039 "obj_dir/VAddMinusALU_32_048_active.tree"
T        89  4980893  1675432094    52145039  1675432094    52145039 "obj_dir/VAddMinusALU_32_049_split.tree"
T        89  4980894  1675432094    52145039  1675432094    52145039 "obj_dir/VAddMinusALU_32_050_splitas.tree"
T     26874  4980895  1675432094    52145039  1675432094    52145039 "obj_dir/VAddMinusALU_32_051_tracedecl.tree"
T      6100  4980896  1675432094    52145039  1675432094    52145039 "obj_dir/VAddMinusALU_32_052_gate_simp.dot"
T      5587  4980897  1675432094    52145039  1675432094    52145039 "obj_dir/VAddMinusALU_32_053_gate_opt.dot"
T     21003  4980898  1675432094    52145039  1675432094    52145039 "obj_dir/VAddMinusALU_32_054_gate.tree"
T        89  4980899  1675432094    52145039  1675432094    52145039 "obj_dir/VAddMinusALU_32_055_const.tree"
T     18365  4980900  1675432094    52145039  1675432094    52145039 "obj_dir/VAddMinusALU_32_056_deadAllScoped.tree"
T        89  4980901  1675432094    52145039  1675432094    52145039 "obj_dir/VAddMinusALU_32_057_reorder.tree"
T        89  4980902  1675432094    52145039  1675432094    52145039 "obj_dir/VAddMinusALU_32_058_delayed.tree"
T     26407  4980903  1675432094    56145039  1675432094    56145039 "obj_dir/VAddMinusALU_32_059_activetop.tree"
T      5920  4980904  1675432094    56145039  1675432094    56145039 "obj_dir/VAddMinusALU_32_060_orderg_pre.dot"
T       143  4980905  1675432094    56145039  1675432094    56145039 "obj_dir/VAddMinusALU_32_061_acyc_simp.dot"
T      5921  4980906  1675432094    56145039  1675432094    56145039 "obj_dir/VAddMinusALU_32_062_orderg_acyc.dot"
T      6092  4980907  1675432094    56145039  1675432094    56145039 "obj_dir/VAddMinusALU_32_063_orderg_order.dot"
T      6093  4980908  1675432094    56145039  1675432094    56145039 "obj_dir/VAddMinusALU_32_064_orderg_domain.dot"
T      1017  4980909  1675432094    56145039  1675432094    56145039 "obj_dir/VAddMinusALU_32_065_order_edges.txt"
T      6091  4980910  1675432094    56145039  1675432094    56145039 "obj_dir/VAddMinusALU_32_066_orderg_done.dot"
T     27033  4980911  1675432094    56145039  1675432094    56145039 "obj_dir/VAddMinusALU_32_067_order.tree"
T        89  4980912  1675432094    56145039  1675432094    56145039 "obj_dir/VAddMinusALU_32_068_genclk.tree"
T     26651  4980913  1675432094    56145039  1675432094    56145039 "obj_dir/VAddMinusALU_32_069_clock.tree"
T        89  4980914  1675432094    56145039  1675432094    56145039 "obj_dir/VAddMinusALU_32_070_const.tree"
T        89  4980915  1675432094    56145039  1675432094    56145039 "obj_dir/VAddMinusALU_32_071_life.tree"
T        89  4980916  1675432094    56145039  1675432094    56145039 "obj_dir/VAddMinusALU_32_072_life_post.tree"
T        89  4980917  1675432094    56145039  1675432094    56145039 "obj_dir/VAddMinusALU_32_073_const.tree"
T        89  4980918  1675432094    56145039  1675432094    56145039 "obj_dir/VAddMinusALU_32_074_deadAllScoped.tree"
T     27022  4980919  1675432094    56145039  1675432094    56145039 "obj_dir/VAddMinusALU_32_075_changed.tree"
T     34694  4980920  1675432094    60145039  1675432094    60145039 "obj_dir/VAddMinusALU_32_076_trace.tree"
T     27833  4980921  1675432094    60145039  1675432094    60145039 "obj_dir/VAddMinusALU_32_078_descope.tree"
T     21553  4980922  1675432094    60145039  1675432094    60145039 "obj_dir/VAddMinusALU_32_079_combine.tree"
T     21394  4980923  1675432094    60145039  1675432094    60145039 "obj_dir/VAddMinusALU_32_080_const.tree"
T     21075  4980924  1675432094    60145039  1675432094    60145039 "obj_dir/VAddMinusALU_32_081_deadAll.tree"
T     23705  4980925  1675432094    60145039  1675432094    60145039 "obj_dir/VAddMinusALU_32_082_clean.tree"
T        89  4980926  1675432094    60145039  1675432094    60145039 "obj_dir/VAddMinusALU_32_083_premit.tree"
T     23317  4980927  1675432094    60145039  1675432094    60145039 "obj_dir/VAddMinusALU_32_084_expand.tree"
T     22583  4980928  1675432094    60145039  1675432094    60145039 "obj_dir/VAddMinusALU_32_085_const_cpp.tree"
T        89  4980929  1675432094    60145039  1675432094    60145039 "obj_dir/VAddMinusALU_32_086_subst.tree"
T        89  4980930  1675432094    64145039  1675432094    64145039 "obj_dir/VAddMinusALU_32_087_const_cpp.tree"
T     21506  4980931  1675432094    64145039  1675432094    64145039 "obj_dir/VAddMinusALU_32_088_deadAll.tree"
T     22076  4980932  1675432094    64145039  1675432094    64145039 "obj_dir/VAddMinusALU_32_092_cast.tree"
T     24977  4980933  1675432094    64145039  1675432094    64145039 "obj_dir/VAddMinusALU_32_093_cuse.tree"
T     25866  4980947  1675432094    68145039  1675432094    68145039 "obj_dir/VAddMinusALU_32_990_final.tree"
T       711  4980858  1675432094    44145039  1675432094    44145039 "obj_dir/VAddMinusALU_32_AddMinusALU_32.vpp"
T       825  4980934  1675432094    64145039  1675432094    64145039 "obj_dir/VAddMinusALU_32__Syms.cpp"
T      1178  4980935  1675432094    64145039  1675432094    64145039 "obj_dir/VAddMinusALU_32__Syms.h"
T      1939  4980939  1675432094    64145039  1675432094    64145039 "obj_dir/VAddMinusALU_32__Trace.cpp"
T      3984  4980938  1675432094    64145039  1675432094    64145039 "obj_dir/VAddMinusALU_32__Trace__Slow.cpp"
T      3148  4980942  1675432094    64145039  1675432094    64145039 "obj_dir/VAddMinusALU_32___024root.cpp"
T      1105  4980940  1675432094    64145039  1675432094    64145039 "obj_dir/VAddMinusALU_32___024root.h"
T      2457  4980941  1675432094    64145039  1675432094    64145039 "obj_dir/VAddMinusALU_32___024root__Slow.cpp"
T     26100  4980944  1675432094    64145039  1675432094    64145039 "obj_dir/VAddMinusALU_32__stats.txt"
T      3704  4980948  1675432094    68145039  1675432094    68145039 "obj_dir/VAddMinusALU_32__ver.d"
T         0        0  1675432094    68145039  1675432094    68145039 "obj_dir/VAddMinusALU_32__verFiles.dat"
T      1740  4980945  1675432094    64145039  1675432094    64145039 "obj_dir/VAddMinusALU_32_classes.mk"
