# DESCRIPTION: Verilator output: Timestamp data for --skip-identical.  Delete at will.
C "--cc --exe --build --trace --debug my_not_sim.cpp my_not.v"
S  96767328  5510302  1670255541   846965845  1670255541   846965845 "/usr/local/bin/verilator_bin_dbg"
S       170  9186053  1670664279   116988566  1670664279   116988566 "my_not.v"
T      4790  9313408  1670664333   701658134  1670664333   701658134 "obj_dir/Vmy_not.cpp"
T      2943  9313407  1670664333   701658134  1670664333   701658134 "obj_dir/Vmy_not.h"
T      1847  9313420  1670664333   705658188  1670664333   705658188 "obj_dir/Vmy_not.mk"
T     30503  9313417  1670664333   701658134  1670664333   701658134 "obj_dir/Vmy_not.xml"
T      2290  9313338  1670664333   685657919  1670664333   685657919 "obj_dir/Vmy_not_001_cells.tree"
T      2376  9313339  1670664333   685657919  1670664333   685657919 "obj_dir/Vmy_not_006_linkjump.tree"
T        87  9313340  1670664333   685657919  1670664333   685657919 "obj_dir/Vmy_not_007_linkinc.tree"
T      2366  9313341  1670664333   685657919  1670664333   685657919 "obj_dir/Vmy_not_009_linkdotparam.tree"
T      3092  9313342  1670664333   685657919  1670664333   685657919 "obj_dir/Vmy_not_011_width.tree"
T      3175  9313343  1670664333   685657919  1670664333   685657919 "obj_dir/Vmy_not_013_const.tree"
T        87  9313344  1670664333   685657919  1670664333   685657919 "obj_dir/Vmy_not_014_assertpre.tree"
T        87  9313345  1670664333   685657919  1670664333   685657919 "obj_dir/Vmy_not_015_assert.tree"
T      4183  9313346  1670664333   685657919  1670664333   685657919 "obj_dir/Vmy_not_017_const.tree"
T      4093  9313347  1670664333   685657919  1670664333   685657919 "obj_dir/Vmy_not_022_begin.tree"
T        87  9313348  1670664333   685657919  1670664333   685657919 "obj_dir/Vmy_not_023_tristate.tree"
T        87  9313349  1670664333   685657919  1670664333   685657919 "obj_dir/Vmy_not_024_unknown.tree"
T        87  9313350  1670664333   685657919  1670664333   685657919 "obj_dir/Vmy_not_025_dfg-extract.tree"
T      4133  9313351  1670664333   685657919  1670664333   685657919 "obj_dir/Vmy_not_026_dfg-optimize.tree"
T      4287  9313352  1670664333   685657919  1670664333   685657919 "obj_dir/Vmy_not_027_inline.tree"
T      4334  9313353  1670664333   685657919  1670664333   685657919 "obj_dir/Vmy_not_029_dfg-optimize.tree"
T        87  9313354  1670664333   685657919  1670664333   685657919 "obj_dir/Vmy_not_030_const.tree"
T      4006  9313355  1670664333   685657919  1670664333   685657919 "obj_dir/Vmy_not_031_deadDtypes.tree"
T        87  9313356  1670664333   685657919  1670664333   685657919 "obj_dir/Vmy_not_032_inst.tree"
T        87  9313357  1670664333   685657919  1670664333   685657919 "obj_dir/Vmy_not_033_const.tree"
T      5978  9313358  1670664333   685657919  1670664333   685657919 "obj_dir/Vmy_not_034_scope.tree"
T      5871  9313359  1670664333   685657919  1670664333   685657919 "obj_dir/Vmy_not_035_linkdot.tree"
T        87  9313360  1670664333   685657919  1670664333   685657919 "obj_dir/Vmy_not_036_class.tree"
T        87  9313361  1670664333   685657919  1670664333   685657919 "obj_dir/Vmy_not_037_const.tree"
T        87  9313362  1670664333   685657919  1670664333   685657919 "obj_dir/Vmy_not_038_deadDtypesScoped.tree"
T      8073  9313363  1670664333   685657919  1670664333   685657919 "obj_dir/Vmy_not_039_case.tree"
T        87  9313364  1670664333   685657919  1670664333   685657919 "obj_dir/Vmy_not_040_task.tree"
T      8023  9313365  1670664333   685657919  1670664333   685657919 "obj_dir/Vmy_not_042_unroll.tree"
T        87  9313366  1670664333   685657919  1670664333   685657919 "obj_dir/Vmy_not_043_slice.tree"
T      6067  9313367  1670664333   689657973  1670664333   689657973 "obj_dir/Vmy_not_044_const.tree"
T        87  9313368  1670664333   689657973  1670664333   689657973 "obj_dir/Vmy_not_045_life.tree"
T        87  9313369  1670664333   689657973  1670664333   689657973 "obj_dir/Vmy_not_046_table.tree"
T        87  9313370  1670664333   689657973  1670664333   689657973 "obj_dir/Vmy_not_047_const.tree"
T      5524  9313371  1670664333   689657973  1670664333   689657973 "obj_dir/Vmy_not_048_deadDtypesScoped.tree"
T      5441  9313372  1670664333   689657973  1670664333   689657973 "obj_dir/Vmy_not_049_active.tree"
T      5413  9313373  1670664333   689657973  1670664333   689657973 "obj_dir/Vmy_not_050_split.tree"
T        87  9313374  1670664333   689657973  1670664333   689657973 "obj_dir/Vmy_not_051_splitas.tree"
T      7677  9313375  1670664333   689657973  1670664333   689657973 "obj_dir/Vmy_not_052_tracedecl.tree"
T      6258  9313376  1670664333   689657973  1670664333   689657973 "obj_dir/Vmy_not_053_gate.tree"
T        87  9313377  1670664333   689657973  1670664333   689657973 "obj_dir/Vmy_not_054_const.tree"
T      5615  9313378  1670664333   689657973  1670664333   689657973 "obj_dir/Vmy_not_055_deadAllScoped.tree"
T        87  9313379  1670664333   689657973  1670664333   689657973 "obj_dir/Vmy_not_056_reorder.tree"
T        87  9313380  1670664333   689657973  1670664333   689657973 "obj_dir/Vmy_not_057_delayed.tree"
T      5607  9313381  1670664333   689657973  1670664333   689657973 "obj_dir/Vmy_not_058_activetop.tree"
T     48012  9313382  1670664333   689657973  1670664333   689657973 "obj_dir/Vmy_not_059_sched.tree"
T     45355  9313383  1670664333   689657973  1670664333   689657973 "obj_dir/Vmy_not_060_clock.tree"
T     45729  9313384  1670664333   693658027  1670664333   693658027 "obj_dir/Vmy_not_061_const.tree"
T        89  9313385  1670664333   693658027  1670664333   693658027 "obj_dir/Vmy_not_062_life.tree"
T        89  9313386  1670664333   693658027  1670664333   693658027 "obj_dir/Vmy_not_063_life_post.tree"
T     46257  9313387  1670664333   693658027  1670664333   693658027 "obj_dir/Vmy_not_064_const.tree"
T        89  9313388  1670664333   693658027  1670664333   693658027 "obj_dir/Vmy_not_065_deadAllScoped.tree"
T     52166  9313389  1670664333   693658027  1670664333   693658027 "obj_dir/Vmy_not_066_trace.tree"
T     40364  9313390  1670664333   693658027  1670664333   693658027 "obj_dir/Vmy_not_068_descope.tree"
T     38973  9313391  1670664333   693658027  1670664333   693658027 "obj_dir/Vmy_not_069_combine.tree"
T     38839  9313392  1670664333   697658080  1670664333   697658080 "obj_dir/Vmy_not_070_const.tree"
T     38037  9313393  1670664333   697658080  1670664333   697658080 "obj_dir/Vmy_not_071_deadAll.tree"
T     39641  9313394  1670664333   697658080  1670664333   697658080 "obj_dir/Vmy_not_072_clean.tree"
T     41920  9313395  1670664333   697658080  1670664333   697658080 "obj_dir/Vmy_not_073_premit.tree"
T        89  9313396  1670664333   697658080  1670664333   697658080 "obj_dir/Vmy_not_074_expand.tree"
T        89  9313397  1670664333   697658080  1670664333   697658080 "obj_dir/Vmy_not_075_const_cpp.tree"
T     39945  9313398  1670664333   697658080  1670664333   697658080 "obj_dir/Vmy_not_076_subst.tree"
T        89  9313399  1670664333   697658080  1670664333   697658080 "obj_dir/Vmy_not_077_const_cpp.tree"
T     39529  9313400  1670664333   697658080  1670664333   697658080 "obj_dir/Vmy_not_078_deadAll.tree"
T     40365  9313401  1670664333   701658134  1670664333   701658134 "obj_dir/Vmy_not_082_cast.tree"
T     42671  9313402  1670664333   701658134  1670664333   701658134 "obj_dir/Vmy_not_083_common.tree"
T     42739  9313403  1670664333   701658134  1670664333   701658134 "obj_dir/Vmy_not_084_variableorder.tree"
T        89  9313404  1670664333   701658134  1670664333   701658134 "obj_dir/Vmy_not_085_cuse.tree"
T     43900  9313421  1670664333   705658188  1670664333   705658188 "obj_dir/Vmy_not_990_final.tree"
T       762  9313405  1670664333   701658134  1670664333   701658134 "obj_dir/Vmy_not__Syms.cpp"
T      1100  9313406  1670664333   701658134  1670664333   701658134 "obj_dir/Vmy_not__Syms.h"
T      1712  9313416  1670664333   701658134  1670664333   701658134 "obj_dir/Vmy_not__Trace__0.cpp"
T      3001  9313415  1670664333   701658134  1670664333   701658134 "obj_dir/Vmy_not__Trace__0__Slow.cpp"
T      1016  9313409  1670664333   701658134  1670664333   701658134 "obj_dir/Vmy_not___024root.h"
T      1408  9313413  1670664333   701658134  1670664333   701658134 "obj_dir/Vmy_not___024root__DepSet_h045b35f2__0.cpp"
T       863  9313411  1670664333   701658134  1670664333   701658134 "obj_dir/Vmy_not___024root__DepSet_h045b35f2__0__Slow.cpp"
T      5113  9313414  1670664333   701658134  1670664333   701658134 "obj_dir/Vmy_not___024root__DepSet_hb64420e4__0.cpp"
T      5496  9313412  1670664333   701658134  1670664333   701658134 "obj_dir/Vmy_not___024root__DepSet_hb64420e4__0__Slow.cpp"
T       644  9313410  1670664333   701658134  1670664333   701658134 "obj_dir/Vmy_not___024root__Slow.cpp"
T     56074  9313418  1670664333   705658188  1670664333   705658188 "obj_dir/Vmy_not__stats.txt"
T      2893  9313422  1670664333   705658188  1670664333   705658188 "obj_dir/Vmy_not__ver.d"
T         0        0  1670664333   705658188  1670664333   705658188 "obj_dir/Vmy_not__verFiles.dat"
T      1712  9313419  1670664333   705658188  1670664333   705658188 "obj_dir/Vmy_not_classes.mk"
T       263  9313337  1670664333   681657865  1670664333   681657865 "obj_dir/Vmy_not_my_not.v.vpp"
