# DESCRIPTION: Verilator output: Timestamp data for --skip-identical.  Delete at will.
C "--cc --exe --build --trace --debug add_datastream_8_sim.cpp add_datastream_8.v"
S  96767328  5510302  1670255541   846965845  1670255541   846965845 "/usr/local/bin/verilator_bin_dbg"
S       139  9314070  1670677726   770370017  1670677726   770370017 "add_datastream_8.v"
T      5334  9314164  1670679060   192206276  1670679060   192206276 "obj_dir/Vadd_datastream_8.cpp"
T      3083  9314163  1670679060   192206276  1670679060   192206276 "obj_dir/Vadd_datastream_8.h"
T      1937  9314176  1670679060   196206348  1670679060   196206348 "obj_dir/Vadd_datastream_8.mk"
T     30500  9314173  1670679060   196206348  1670679060   196206348 "obj_dir/Vadd_datastream_8.xml"
T      2492  9314094  1670679060   176205990  1670679060   176205990 "obj_dir/Vadd_datastream_8_001_cells.tree"
T      2563  9314095  1670679060   176205990  1670679060   176205990 "obj_dir/Vadd_datastream_8_006_linkjump.tree"
T        87  9314096  1670679060   176205990  1670679060   176205990 "obj_dir/Vadd_datastream_8_007_linkinc.tree"
T      2556  9314097  1670679060   176205990  1670679060   176205990 "obj_dir/Vadd_datastream_8_009_linkdotparam.tree"
T      2340  9314098  1670679060   176205990  1670679060   176205990 "obj_dir/Vadd_datastream_8_011_width.tree"
T      2091  9314099  1670679060   176205990  1670679060   176205990 "obj_dir/Vadd_datastream_8_013_const.tree"
T        87  9314100  1670679060   176205990  1670679060   176205990 "obj_dir/Vadd_datastream_8_014_assertpre.tree"
T        87  9314101  1670679060   176205990  1670679060   176205990 "obj_dir/Vadd_datastream_8_015_assert.tree"
T      3594  9314102  1670679060   176205990  1670679060   176205990 "obj_dir/Vadd_datastream_8_017_const.tree"
T        87  9314103  1670679060   176205990  1670679060   176205990 "obj_dir/Vadd_datastream_8_022_begin.tree"
T        87  9314104  1670679060   176205990  1670679060   176205990 "obj_dir/Vadd_datastream_8_023_tristate.tree"
T        87  9314105  1670679060   176205990  1670679060   176205990 "obj_dir/Vadd_datastream_8_024_unknown.tree"
T        87  9314106  1670679060   176205990  1670679060   176205990 "obj_dir/Vadd_datastream_8_025_dfg-extract.tree"
T      3790  9314107  1670679060   176205990  1670679060   176205990 "obj_dir/Vadd_datastream_8_026_dfg-optimize.tree"
T      4131  9314108  1670679060   176205990  1670679060   176205990 "obj_dir/Vadd_datastream_8_027_inline.tree"
T      4165  9314109  1670679060   176205990  1670679060   176205990 "obj_dir/Vadd_datastream_8_029_dfg-optimize.tree"
T        87  9314110  1670679060   176205990  1670679060   176205990 "obj_dir/Vadd_datastream_8_030_const.tree"
T      3464  9314111  1670679060   176205990  1670679060   176205990 "obj_dir/Vadd_datastream_8_031_deadDtypes.tree"
T        87  9314112  1670679060   176205990  1670679060   176205990 "obj_dir/Vadd_datastream_8_032_inst.tree"
T        87  9314113  1670679060   176205990  1670679060   176205990 "obj_dir/Vadd_datastream_8_033_const.tree"
T      6107  9314114  1670679060   176205990  1670679060   176205990 "obj_dir/Vadd_datastream_8_034_scope.tree"
T      5976  9314115  1670679060   176205990  1670679060   176205990 "obj_dir/Vadd_datastream_8_035_linkdot.tree"
T        87  9314116  1670679060   176205990  1670679060   176205990 "obj_dir/Vadd_datastream_8_036_class.tree"
T        87  9314117  1670679060   176205990  1670679060   176205990 "obj_dir/Vadd_datastream_8_037_const.tree"
T        87  9314118  1670679060   176205990  1670679060   176205990 "obj_dir/Vadd_datastream_8_038_deadDtypesScoped.tree"
T        87  9314119  1670679060   176205990  1670679060   176205990 "obj_dir/Vadd_datastream_8_039_case.tree"
T        87  9314120  1670679060   176205990  1670679060   176205990 "obj_dir/Vadd_datastream_8_040_task.tree"
T      6040  9314121  1670679060   176205990  1670679060   176205990 "obj_dir/Vadd_datastream_8_042_unroll.tree"
T        87  9314122  1670679060   176205990  1670679060   176205990 "obj_dir/Vadd_datastream_8_043_slice.tree"
T        87  9314123  1670679060   180206061  1670679060   180206061 "obj_dir/Vadd_datastream_8_044_const.tree"
T        87  9314124  1670679060   180206061  1670679060   180206061 "obj_dir/Vadd_datastream_8_045_life.tree"
T        87  9314125  1670679060   180206061  1670679060   180206061 "obj_dir/Vadd_datastream_8_046_table.tree"
T        87  9314126  1670679060   180206061  1670679060   180206061 "obj_dir/Vadd_datastream_8_047_const.tree"
T        87  9314127  1670679060   180206061  1670679060   180206061 "obj_dir/Vadd_datastream_8_048_deadDtypesScoped.tree"
T      6278  9314128  1670679060   180206061  1670679060   180206061 "obj_dir/Vadd_datastream_8_049_active.tree"
T        87  9314129  1670679060   180206061  1670679060   180206061 "obj_dir/Vadd_datastream_8_050_split.tree"
T        87  9314130  1670679060   180206061  1670679060   180206061 "obj_dir/Vadd_datastream_8_051_splitas.tree"
T      9461  9314131  1670679060   180206061  1670679060   180206061 "obj_dir/Vadd_datastream_8_052_tracedecl.tree"
T      7096  9314132  1670679060   180206061  1670679060   180206061 "obj_dir/Vadd_datastream_8_053_gate.tree"
T        87  9314133  1670679060   180206061  1670679060   180206061 "obj_dir/Vadd_datastream_8_054_const.tree"
T      6012  9314134  1670679060   180206061  1670679060   180206061 "obj_dir/Vadd_datastream_8_055_deadAllScoped.tree"
T        87  9314135  1670679060   180206061  1670679060   180206061 "obj_dir/Vadd_datastream_8_056_reorder.tree"
T        87  9314136  1670679060   180206061  1670679060   180206061 "obj_dir/Vadd_datastream_8_057_delayed.tree"
T      6004  9314137  1670679060   180206061  1670679060   180206061 "obj_dir/Vadd_datastream_8_058_activetop.tree"
T     47959  9314138  1670679060   180206061  1670679060   180206061 "obj_dir/Vadd_datastream_8_059_sched.tree"
T     45312  9314139  1670679060   180206061  1670679060   180206061 "obj_dir/Vadd_datastream_8_060_clock.tree"
T     45691  9314140  1670679060   180206061  1670679060   180206061 "obj_dir/Vadd_datastream_8_061_const.tree"
T        89  9314141  1670679060   184206133  1670679060   184206133 "obj_dir/Vadd_datastream_8_062_life.tree"
T        89  9314142  1670679060   184206133  1670679060   184206133 "obj_dir/Vadd_datastream_8_063_life_post.tree"
T     46226  9314143  1670679060   184206133  1670679060   184206133 "obj_dir/Vadd_datastream_8_064_const.tree"
T        89  9314144  1670679060   184206133  1670679060   184206133 "obj_dir/Vadd_datastream_8_065_deadAllScoped.tree"
T     52586  9314145  1670679060   184206133  1670679060   184206133 "obj_dir/Vadd_datastream_8_066_trace.tree"
T     40584  9314146  1670679060   184206133  1670679060   184206133 "obj_dir/Vadd_datastream_8_068_descope.tree"
T     39725  9314147  1670679060   184206133  1670679060   184206133 "obj_dir/Vadd_datastream_8_069_combine.tree"
T     39587  9314148  1670679060   188206204  1670679060   188206204 "obj_dir/Vadd_datastream_8_070_const.tree"
T     38786  9314149  1670679060   188206204  1670679060   188206204 "obj_dir/Vadd_datastream_8_071_deadAll.tree"
T     40619  9314150  1670679060   188206204  1670679060   188206204 "obj_dir/Vadd_datastream_8_072_clean.tree"
T     42898  9314151  1670679060   188206204  1670679060   188206204 "obj_dir/Vadd_datastream_8_073_premit.tree"
T        89  9314152  1670679060   188206204  1670679060   188206204 "obj_dir/Vadd_datastream_8_074_expand.tree"
T        89  9314153  1670679060   188206204  1670679060   188206204 "obj_dir/Vadd_datastream_8_075_const_cpp.tree"
T     40923  9314154  1670679060   188206204  1670679060   188206204 "obj_dir/Vadd_datastream_8_076_subst.tree"
T        89  9314155  1670679060   188206204  1670679060   188206204 "obj_dir/Vadd_datastream_8_077_const_cpp.tree"
T     40316  9314156  1670679060   188206204  1670679060   188206204 "obj_dir/Vadd_datastream_8_078_deadAll.tree"
T     41242  9314157  1670679060   192206276  1670679060   192206276 "obj_dir/Vadd_datastream_8_082_cast.tree"
T     43032  9314158  1670679060   192206276  1670679060   192206276 "obj_dir/Vadd_datastream_8_083_common.tree"
T     43123  9314159  1670679060   192206276  1670679060   192206276 "obj_dir/Vadd_datastream_8_084_variableorder.tree"
T        89  9314160  1670679060   192206276  1670679060   192206276 "obj_dir/Vadd_datastream_8_085_cuse.tree"
T     44402  9314177  1670679060   196206348  1670679060   196206348 "obj_dir/Vadd_datastream_8_990_final.tree"
T       842  9314161  1670679060   192206276  1670679060   192206276 "obj_dir/Vadd_datastream_8__Syms.cpp"
T      1190  9314162  1670679060   192206276  1670679060   192206276 "obj_dir/Vadd_datastream_8__Syms.h"
T      1952  9314172  1670679060   192206276  1670679060   192206276 "obj_dir/Vadd_datastream_8__Trace__0.cpp"
T      3522  9314171  1670679060   192206276  1670679060   192206276 "obj_dir/Vadd_datastream_8__Trace__0__Slow.cpp"
T      1145  9314165  1670679060   192206276  1670679060   192206276 "obj_dir/Vadd_datastream_8___024root.h"
T      5483  9314170  1670679060   192206276  1670679060   192206276 "obj_dir/Vadd_datastream_8___024root__DepSet_h167aaf59__0.cpp"
T      6092  9314168  1670679060   192206276  1670679060   192206276 "obj_dir/Vadd_datastream_8___024root__DepSet_h167aaf59__0__Slow.cpp"
T      1578  9314169  1670679060   192206276  1670679060   192206276 "obj_dir/Vadd_datastream_8___024root__DepSet_h62185542__0.cpp"
T       963  9314167  1670679060   192206276  1670679060   192206276 "obj_dir/Vadd_datastream_8___024root__DepSet_h62185542__0__Slow.cpp"
T       764  9314166  1670679060   192206276  1670679060   192206276 "obj_dir/Vadd_datastream_8___024root__Slow.cpp"
T     55691  9314174  1670679060   196206348  1670679060   196206348 "obj_dir/Vadd_datastream_8__stats.txt"
T      3773  9314178  1670679060   196206348  1670679060   196206348 "obj_dir/Vadd_datastream_8__ver.d"
T         0        0  1670679060   196206348  1670679060   196206348 "obj_dir/Vadd_datastream_8__verFiles.dat"
T       261  9314093  1670679060   176205990  1670679060   176205990 "obj_dir/Vadd_datastream_8_add_datastream_8.v.vpp"
T      1812  9314175  1670679060   196206348  1670679060   196206348 "obj_dir/Vadd_datastream_8_classes.mk"
