# DESCRIPTION: Verilator output: Timestamp data for --skip-identical.  Delete at will.
C "--cc --exe --build --debug --trace decode_1to2_for_sim.cpp decode_1to2_for.v"
S  96767328  5510302  1670255541   846965845  1670255541   846965845 "/usr/local/bin/verilator_bin_dbg"
S       472  9182871  1670477176   425210689  1670477176   425210689 "decode_1to2_for.v"
T      5266  9182945  1670477177   829277335  1670477177   829277335 "obj_dir/Vdecode_1to2_for.cpp"
T      3063  9182944  1670477177   829277335  1670477177   829277335 "obj_dir/Vdecode_1to2_for.h"
T      1928  9182957  1670477177   833277524  1670477177   833277524 "obj_dir/Vdecode_1to2_for.mk"
T     33174  9182954  1670477177   829277335  1670477177   829277335 "obj_dir/Vdecode_1to2_for.xml"
T      5496  9182875  1670477177   805276195  1670477177   805276195 "obj_dir/Vdecode_1to2_for_001_cells.tree"
T      6590  9182876  1670477177   809276385  1670477177   809276385 "obj_dir/Vdecode_1to2_for_006_linkjump.tree"
T        87  9182877  1670477177   809276385  1670477177   809276385 "obj_dir/Vdecode_1to2_for_007_linkinc.tree"
T      6561  9182878  1670477177   809276385  1670477177   809276385 "obj_dir/Vdecode_1to2_for_009_linkdotparam.tree"
T      8211  9182879  1670477177   809276385  1670477177   809276385 "obj_dir/Vdecode_1to2_for_011_width.tree"
T      8181  9182880  1670477177   809276385  1670477177   809276385 "obj_dir/Vdecode_1to2_for_013_const.tree"
T        87  9182881  1670477177   809276385  1670477177   809276385 "obj_dir/Vdecode_1to2_for_014_assertpre.tree"
T        87  9182882  1670477177   809276385  1670477177   809276385 "obj_dir/Vdecode_1to2_for_015_assert.tree"
T      8544  9182883  1670477177   809276385  1670477177   809276385 "obj_dir/Vdecode_1to2_for_017_const.tree"
T      8181  9182884  1670477177   809276385  1670477177   809276385 "obj_dir/Vdecode_1to2_for_022_begin.tree"
T        87  9182885  1670477177   809276385  1670477177   809276385 "obj_dir/Vdecode_1to2_for_023_tristate.tree"
T      8178  9182886  1670477177   809276385  1670477177   809276385 "obj_dir/Vdecode_1to2_for_024_unknown.tree"
T        87  9182887  1670477177   809276385  1670477177   809276385 "obj_dir/Vdecode_1to2_for_025_dfg-extract.tree"
T      8269  9182888  1670477177   809276385  1670477177   809276385 "obj_dir/Vdecode_1to2_for_026_dfg-optimize.tree"
T      8848  9182889  1670477177   809276385  1670477177   809276385 "obj_dir/Vdecode_1to2_for_027_inline.tree"
T      8955  9182890  1670477177   809276385  1670477177   809276385 "obj_dir/Vdecode_1to2_for_029_dfg-optimize.tree"
T      8840  9182891  1670477177   809276385  1670477177   809276385 "obj_dir/Vdecode_1to2_for_030_const.tree"
T      8264  9182892  1670477177   809276385  1670477177   809276385 "obj_dir/Vdecode_1to2_for_031_deadDtypes.tree"
T        87  9182893  1670477177   813276576  1670477177   813276576 "obj_dir/Vdecode_1to2_for_032_inst.tree"
T        87  9182894  1670477177   813276576  1670477177   813276576 "obj_dir/Vdecode_1to2_for_033_const.tree"
T     12285  9182895  1670477177   813276576  1670477177   813276576 "obj_dir/Vdecode_1to2_for_034_scope.tree"
T     12146  9182896  1670477177   813276576  1670477177   813276576 "obj_dir/Vdecode_1to2_for_035_linkdot.tree"
T        87  9182897  1670477177   813276576  1670477177   813276576 "obj_dir/Vdecode_1to2_for_036_class.tree"
T        87  9182898  1670477177   813276576  1670477177   813276576 "obj_dir/Vdecode_1to2_for_037_const.tree"
T        87  9182899  1670477177   813276576  1670477177   813276576 "obj_dir/Vdecode_1to2_for_038_deadDtypesScoped.tree"
T        87  9182900  1670477177   813276576  1670477177   813276576 "obj_dir/Vdecode_1to2_for_039_case.tree"
T        87  9182901  1670477177   813276576  1670477177   813276576 "obj_dir/Vdecode_1to2_for_040_task.tree"
T     12472  9182902  1670477177   813276576  1670477177   813276576 "obj_dir/Vdecode_1to2_for_042_unroll.tree"
T        89  9182903  1670477177   813276576  1670477177   813276576 "obj_dir/Vdecode_1to2_for_043_slice.tree"
T     11452  9182904  1670477177   813276576  1670477177   813276576 "obj_dir/Vdecode_1to2_for_044_const.tree"
T     10918  9182905  1670477177   813276576  1670477177   813276576 "obj_dir/Vdecode_1to2_for_045_life.tree"
T        89  9182906  1670477177   813276576  1670477177   813276576 "obj_dir/Vdecode_1to2_for_046_table.tree"
T      9837  9182907  1670477177   813276576  1670477177   813276576 "obj_dir/Vdecode_1to2_for_047_const.tree"
T      9192  9182908  1670477177   813276576  1670477177   813276576 "obj_dir/Vdecode_1to2_for_048_deadDtypesScoped.tree"
T      8740  9182909  1670477177   813276576  1670477177   813276576 "obj_dir/Vdecode_1to2_for_049_active.tree"
T      9095  9182910  1670477177   813276576  1670477177   813276576 "obj_dir/Vdecode_1to2_for_050_split.tree"
T        89  9182911  1670477177   813276576  1670477177   813276576 "obj_dir/Vdecode_1to2_for_051_splitas.tree"
T     12668  9182912  1670477177   813276576  1670477177   813276576 "obj_dir/Vdecode_1to2_for_052_tracedecl.tree"
T     10371  9182913  1670477177   813276576  1670477177   813276576 "obj_dir/Vdecode_1to2_for_053_gate.tree"
T     10027  9182914  1670477177   813276576  1670477177   813276576 "obj_dir/Vdecode_1to2_for_054_const.tree"
T      8978  9182915  1670477177   813276576  1670477177   813276576 "obj_dir/Vdecode_1to2_for_055_deadAllScoped.tree"
T        89  9182916  1670477177   813276576  1670477177   813276576 "obj_dir/Vdecode_1to2_for_056_reorder.tree"
T        89  9182917  1670477177   813276576  1670477177   813276576 "obj_dir/Vdecode_1to2_for_057_delayed.tree"
T      8970  9182918  1670477177   813276576  1670477177   813276576 "obj_dir/Vdecode_1to2_for_058_activetop.tree"
T     52247  9182919  1670477177   817276765  1670477177   817276765 "obj_dir/Vdecode_1to2_for_059_sched.tree"
T     49579  9182920  1670477177   817276765  1670477177   817276765 "obj_dir/Vdecode_1to2_for_060_clock.tree"
T     49944  9182921  1670477177   817276765  1670477177   817276765 "obj_dir/Vdecode_1to2_for_061_const.tree"
T        89  9182922  1670477177   817276765  1670477177   817276765 "obj_dir/Vdecode_1to2_for_062_life.tree"
T        89  9182923  1670477177   817276765  1670477177   817276765 "obj_dir/Vdecode_1to2_for_063_life_post.tree"
T     50535  9182924  1670477177   817276765  1670477177   817276765 "obj_dir/Vdecode_1to2_for_064_const.tree"
T        89  9182925  1670477177   817276765  1670477177   817276765 "obj_dir/Vdecode_1to2_for_065_deadAllScoped.tree"
T     57510  9182926  1670477177   821276955  1670477177   821276955 "obj_dir/Vdecode_1to2_for_066_trace.tree"
T     44211  9182927  1670477177   821276955  1670477177   821276955 "obj_dir/Vdecode_1to2_for_068_descope.tree"
T     42294  9182928  1670477177   821276955  1670477177   821276955 "obj_dir/Vdecode_1to2_for_069_combine.tree"
T     42152  9182929  1670477177   821276955  1670477177   821276955 "obj_dir/Vdecode_1to2_for_070_const.tree"
T     41348  9182930  1670477177   821276955  1670477177   821276955 "obj_dir/Vdecode_1to2_for_071_deadAll.tree"
T     43175  9182931  1670477177   821276955  1670477177   821276955 "obj_dir/Vdecode_1to2_for_072_clean.tree"
T     45447  9182932  1670477177   825277145  1670477177   825277145 "obj_dir/Vdecode_1to2_for_073_premit.tree"
T     45590  9182933  1670477177   825277145  1670477177   825277145 "obj_dir/Vdecode_1to2_for_074_expand.tree"
T        89  9182934  1670477177   825277145  1670477177   825277145 "obj_dir/Vdecode_1to2_for_075_const_cpp.tree"
T     43642  9182935  1670477177   825277145  1670477177   825277145 "obj_dir/Vdecode_1to2_for_076_subst.tree"
T        89  9182936  1670477177   825277145  1670477177   825277145 "obj_dir/Vdecode_1to2_for_077_const_cpp.tree"
T     43226  9182937  1670477177   825277145  1670477177   825277145 "obj_dir/Vdecode_1to2_for_078_deadAll.tree"
T     44167  9182938  1670477177   825277145  1670477177   825277145 "obj_dir/Vdecode_1to2_for_082_cast.tree"
T     47493  9182939  1670477177   829277335  1670477177   829277335 "obj_dir/Vdecode_1to2_for_083_common.tree"
T     47560  9182940  1670477177   829277335  1670477177   829277335 "obj_dir/Vdecode_1to2_for_084_variableorder.tree"
T        89  9182941  1670477177   829277335  1670477177   829277335 "obj_dir/Vdecode_1to2_for_085_cuse.tree"
T     48877  9182958  1670477177   833277524  1670477177   833277524 "obj_dir/Vdecode_1to2_for_990_final.tree"
T       834  9182942  1670477177   829277335  1670477177   829277335 "obj_dir/Vdecode_1to2_for__Syms.cpp"
T      1181  9182943  1670477177   829277335  1670477177   829277335 "obj_dir/Vdecode_1to2_for__Syms.h"
T      1982  9182953  1670477177   829277335  1670477177   829277335 "obj_dir/Vdecode_1to2_for__Trace__0.cpp"
T      3556  9182952  1670477177   829277335  1670477177   829277335 "obj_dir/Vdecode_1to2_for__Trace__0__Slow.cpp"
T      1169  9182946  1670477177   829277335  1670477177   829277335 "obj_dir/Vdecode_1to2_for___024root.h"
T      5754  9182951  1670477177   829277335  1670477177   829277335 "obj_dir/Vdecode_1to2_for___024root__DepSet_hfd523695__0.cpp"
T      6087  9182949  1670477177   829277335  1670477177   829277335 "obj_dir/Vdecode_1to2_for___024root__DepSet_hfd523695__0__Slow.cpp"
T      1561  9182950  1670477177   829277335  1670477177   829277335 "obj_dir/Vdecode_1to2_for___024root__DepSet_hfde3958c__0.cpp"
T       953  9182948  1670477177   829277335  1670477177   829277335 "obj_dir/Vdecode_1to2_for___024root__DepSet_hfde3958c__0__Slow.cpp"
T       752  9182947  1670477177   829277335  1670477177   829277335 "obj_dir/Vdecode_1to2_for___024root__Slow.cpp"
T     57824  9182955  1670477177   833277524  1670477177   833277524 "obj_dir/Vdecode_1to2_for__stats.txt"
T      3685  9182959  1670477177   833277524  1670477177   833277524 "obj_dir/Vdecode_1to2_for__ver.d"
T         0        0  1670477177   833277524  1670477177   833277524 "obj_dir/Vdecode_1to2_for__verFiles.dat"
T      1802  9182956  1670477177   833277524  1670477177   833277524 "obj_dir/Vdecode_1to2_for_classes.mk"
T       590  9182874  1670477177   805276195  1670477177   805276195 "obj_dir/Vdecode_1to2_for_decode_1to2_for.v.vpp"
