# DESCRIPTION: Verilator output: Timestamp data for --skip-identical.  Delete at will.
C "--cc --exe --build --trace --debug MultiShifter_4Bit_sim.cpp MultiShifter_4Bit.v"
S  75996664  3413312  1675058799   531685933  1675058799   531685933 "/usr/local/bin/verilator_bin_dbg"
S      1088  4982309  1675486450   530509533  1675486450   530509533 "MultiShifter_4Bit.v"
T      5771  4982391  1675486815   506171376  1675486815   506171376 "obj_dir/VMultiShifter_4Bit.cpp"
T      2865  4982390  1675486815   506171376  1675486815   506171376 "obj_dir/VMultiShifter_4Bit.h"
T      1946  4982400  1675486815   506171376  1675486815   506171376 "obj_dir/VMultiShifter_4Bit.mk"
T     13723  4982397  1675486815   506171376  1675486815   506171376 "obj_dir/VMultiShifter_4Bit.xml"
T       146  4982312  1675486815   318100937  1675486815   318100937 "obj_dir/VMultiShifter_4Bit_001_linkcells.dot"
T     11921  4982313  1675486815   318100937  1675486815   318100937 "obj_dir/VMultiShifter_4Bit_002_cells.tree"
T     15266  4982314  1675486815   318100937  1675486815   318100937 "obj_dir/VMultiShifter_4Bit_007_link.tree"
T        87  4982315  1675486815   318100937  1675486815   318100937 "obj_dir/VMultiShifter_4Bit_008_linkInc.tree"
T        87  4982316  1675486815   318100937  1675486815   318100937 "obj_dir/VMultiShifter_4Bit_010_paramlink.tree"
T     15259  4982317  1675486815   318100937  1675486815   318100937 "obj_dir/VMultiShifter_4Bit_012_width.tree"
T     14673  4982318  1675486815   322102435  1675486815   322102435 "obj_dir/VMultiShifter_4Bit_014_const.tree"
T        89  4982319  1675486815   322102435  1675486815   322102435 "obj_dir/VMultiShifter_4Bit_015_assertpre.tree"
T        89  4982320  1675486815   322102435  1675486815   322102435 "obj_dir/VMultiShifter_4Bit_016_assert.tree"
T     15245  4982321  1675486815   322102435  1675486815   322102435 "obj_dir/VMultiShifter_4Bit_018_const.tree"
T     14450  4982322  1675486815   322102435  1675486815   322102435 "obj_dir/VMultiShifter_4Bit_023_begin.tree"
T        89  4982323  1675486815   322102435  1675486815   322102435 "obj_dir/VMultiShifter_4Bit_024_tristate.tree"
T     14742  4982324  1675486815   322102435  1675486815   322102435 "obj_dir/VMultiShifter_4Bit_025_unknown.tree"
T     15429  4982325  1675486815   322102435  1675486815   322102435 "obj_dir/VMultiShifter_4Bit_026_inline.tree"
T        89  4982326  1675486815   322102435  1675486815   322102435 "obj_dir/VMultiShifter_4Bit_028_const.tree"
T     14098  4982327  1675486815   322102435  1675486815   322102435 "obj_dir/VMultiShifter_4Bit_029_deadDtypes.tree"
T        89  4982328  1675486815   322102435  1675486815   322102435 "obj_dir/VMultiShifter_4Bit_030_inst.tree"
T        89  4982329  1675486815   322102435  1675486815   322102435 "obj_dir/VMultiShifter_4Bit_031_const.tree"
T     18711  4982330  1675486815   326103934  1675486815   326103934 "obj_dir/VMultiShifter_4Bit_032_scope.tree"
T     18554  4982331  1675486815   326103934  1675486815   326103934 "obj_dir/VMultiShifter_4Bit_033_linkdot.tree"
T        89  4982332  1675486815   326103934  1675486815   326103934 "obj_dir/VMultiShifter_4Bit_034_class.tree"
T        89  4982333  1675486815   326103934  1675486815   326103934 "obj_dir/VMultiShifter_4Bit_035_const.tree"
T        89  4982334  1675486815   326103934  1675486815   326103934 "obj_dir/VMultiShifter_4Bit_036_deadDtypesScoped.tree"
T     22936  4982335  1675486815   326103934  1675486815   326103934 "obj_dir/VMultiShifter_4Bit_037_case.tree"
T       192  4982336  1675486815   326103934  1675486815   326103934 "obj_dir/VMultiShifter_4Bit_038_task_call.dot"
T        89  4982337  1675486815   326103934  1675486815   326103934 "obj_dir/VMultiShifter_4Bit_039_task.tree"
T     22976  4982338  1675486815   326103934  1675486815   326103934 "obj_dir/VMultiShifter_4Bit_041_unroll.tree"
T        89  4982339  1675486815   326103934  1675486815   326103934 "obj_dir/VMultiShifter_4Bit_042_slice.tree"
T     19440  4982340  1675486815   326103934  1675486815   326103934 "obj_dir/VMultiShifter_4Bit_043_const.tree"
T        89  4982341  1675486815   326103934  1675486815   326103934 "obj_dir/VMultiShifter_4Bit_044_life.tree"
T    536610  4982342  1675486815   346111428  1675486815   346111428 "obj_dir/VMultiShifter_4Bit_045_table.tree"
T        91  4982343  1675486815   350112926  1675486815   350112926 "obj_dir/VMultiShifter_4Bit_046_const.tree"
T    239566  4982344  1675486815   358115924  1675486815   358115924 "obj_dir/VMultiShifter_4Bit_047_deadDtypesScoped.tree"
T    239973  4982345  1675486815   362117422  1675486815   362117422 "obj_dir/VMultiShifter_4Bit_048_active.tree"
T        91  4982346  1675486815   366118921  1675486815   366118921 "obj_dir/VMultiShifter_4Bit_049_split.tree"
T        91  4982347  1675486815   366118921  1675486815   366118921 "obj_dir/VMultiShifter_4Bit_050_splitas.tree"
T    243408  4982348  1675486815   374121919  1675486815   374121919 "obj_dir/VMultiShifter_4Bit_051_tracedecl.tree"
T      3335  4982349  1675486815   374121919  1675486815   374121919 "obj_dir/VMultiShifter_4Bit_052_gate_simp.dot"
T      3082  4982350  1675486815   374121919  1675486815   374121919 "obj_dir/VMultiShifter_4Bit_053_gate_opt.dot"
T    240461  4982351  1675486815   378123417  1675486815   378123417 "obj_dir/VMultiShifter_4Bit_054_gate.tree"
T        91  4982352  1675486815   382124915  1675486815   382124915 "obj_dir/VMultiShifter_4Bit_055_const.tree"
T    238792  4982353  1675486815   386126415  1675486815   386126415 "obj_dir/VMultiShifter_4Bit_056_deadAllScoped.tree"
T        91  4982354  1675486815   386126415  1675486815   386126415 "obj_dir/VMultiShifter_4Bit_057_reorder.tree"
T    240457  4982355  1675486815   394129412  1675486815   394129412 "obj_dir/VMultiShifter_4Bit_058_delayed.tree"
T    240645  4982356  1675486815   398130911  1675486815   398130911 "obj_dir/VMultiShifter_4Bit_059_activetop.tree"
T      4571  4982357  1675486815   402132409  1675486815   402132409 "obj_dir/VMultiShifter_4Bit_060_orderg_pre.dot"
T       281  4982358  1675486815   402132409  1675486815   402132409 "obj_dir/VMultiShifter_4Bit_061_acyc_simp.dot"
T      4494  4982359  1675486815   402132409  1675486815   402132409 "obj_dir/VMultiShifter_4Bit_062_orderg_acyc.dot"
T      4643  4982360  1675486815   402132409  1675486815   402132409 "obj_dir/VMultiShifter_4Bit_063_orderg_order.dot"
T      4644  4982361  1675486815   402132409  1675486815   402132409 "obj_dir/VMultiShifter_4Bit_064_orderg_domain.dot"
T      1454  4982362  1675486815   402132409  1675486815   402132409 "obj_dir/VMultiShifter_4Bit_065_order_edges.txt"
T      4642  4982363  1675486815   402132409  1675486815   402132409 "obj_dir/VMultiShifter_4Bit_066_orderg_done.dot"
T    240881  4982364  1675486815   406133908  1675486815   406133908 "obj_dir/VMultiShifter_4Bit_067_order.tree"
T        91  4982365  1675486815   406133908  1675486815   406133908 "obj_dir/VMultiShifter_4Bit_068_genclk.tree"
T    242446  4982366  1675486815   414136906  1675486815   414136906 "obj_dir/VMultiShifter_4Bit_069_clock.tree"
T        91  4982367  1675486815   414136906  1675486815   414136906 "obj_dir/VMultiShifter_4Bit_070_const.tree"
T        91  4982368  1675486815   418138404  1675486815   418138404 "obj_dir/VMultiShifter_4Bit_071_life.tree"
T    241784  4982369  1675486815   422139903  1675486815   422139903 "obj_dir/VMultiShifter_4Bit_072_life_post.tree"
T    241156  4982370  1675486815   426141402  1675486815   426141402 "obj_dir/VMultiShifter_4Bit_073_const.tree"
T    240691  4982371  1675486815   434144399  1675486815   434144399 "obj_dir/VMultiShifter_4Bit_074_deadAllScoped.tree"
T    241074  4982372  1675486815   438145897  1675486815   438145897 "obj_dir/VMultiShifter_4Bit_075_changed.tree"
T    247461  4982373  1675486815   442147397  1675486815   442147397 "obj_dir/VMultiShifter_4Bit_076_trace.tree"
T    243850  4982374  1675486815   450150393  1675486815   450150393 "obj_dir/VMultiShifter_4Bit_078_descope.tree"
T        91  4982375  1675486815   454151893  1675486815   454151893 "obj_dir/VMultiShifter_4Bit_079_combine.tree"
T    243680  4982376  1675486815   458153391  1675486815   458153391 "obj_dir/VMultiShifter_4Bit_080_const.tree"
T    243264  4982377  1675486815   462154890  1675486815   462154890 "obj_dir/VMultiShifter_4Bit_081_deadAll.tree"
T    253063  4982378  1675486815   470157887  1675486815   470157887 "obj_dir/VMultiShifter_4Bit_082_clean.tree"
T        91  4982379  1675486815   470157887  1675486815   470157887 "obj_dir/VMultiShifter_4Bit_083_premit.tree"
T    251748  4982380  1675486815   474159386  1675486815   474159386 "obj_dir/VMultiShifter_4Bit_084_expand.tree"
T        91  4982381  1675486815   478160884  1675486815   478160884 "obj_dir/VMultiShifter_4Bit_085_const_cpp.tree"
T        91  4982382  1675486815   478160884  1675486815   478160884 "obj_dir/VMultiShifter_4Bit_086_subst.tree"
T        91  4982383  1675486815   482162384  1675486815   482162384 "obj_dir/VMultiShifter_4Bit_087_const_cpp.tree"
T    251213  4982384  1675486815   486163882  1675486815   486163882 "obj_dir/VMultiShifter_4Bit_088_deadAll.tree"
T    251678  4982385  1675486815   498168378  1675486815   498168378 "obj_dir/VMultiShifter_4Bit_092_cast.tree"
T    254670  4982386  1675486815   502169877  1675486815   502169877 "obj_dir/VMultiShifter_4Bit_093_cuse.tree"
T    255789  4982401  1675486815   510172874  1675486815   510172874 "obj_dir/VMultiShifter_4Bit_990_final.tree"
T      1100  4982311  1675486815   318100937  1675486815   318100937 "obj_dir/VMultiShifter_4Bit_MultiShifter_4Bit.vpp"
T     13519  4982389  1675486815   506171376  1675486815   506171376 "obj_dir/VMultiShifter_4Bit__ConstPool_0.cpp"
T       849  4982387  1675486815   502169877  1675486815   502169877 "obj_dir/VMultiShifter_4Bit__Syms.cpp"
T      1205  4982388  1675486815   502169877  1675486815   502169877 "obj_dir/VMultiShifter_4Bit__Syms.h"
T      1756  4982393  1675486815   506171376  1675486815   506171376 "obj_dir/VMultiShifter_4Bit__Trace.cpp"
T      3371  4982392  1675486815   506171376  1675486815   506171376 "obj_dir/VMultiShifter_4Bit__Trace__Slow.cpp"
T      3088  4982396  1675486815   506171376  1675486815   506171376 "obj_dir/VMultiShifter_4Bit___024root.cpp"
T      1054  4982394  1675486815   506171376  1675486815   506171376 "obj_dir/VMultiShifter_4Bit___024root.h"
T      2258  4982395  1675486815   506171376  1675486815   506171376 "obj_dir/VMultiShifter_4Bit___024root__Slow.cpp"
T     25568  4982398  1675486815   506171376  1675486815   506171376 "obj_dir/VMultiShifter_4Bit__stats.txt"
T      4027  4982402  1675486815   514174373  1675486815   514174373 "obj_dir/VMultiShifter_4Bit__ver.d"
T         0        0  1675486815   514174373  1675486815   514174373 "obj_dir/VMultiShifter_4Bit__verFiles.dat"
T      1796  4982399  1675486815   506171376  1675486815   506171376 "obj_dir/VMultiShifter_4Bit_classes.mk"
