# DESCRIPTION: Verilator output: Timestamp data for --skip-identical.  Delete at will.
C "--cc --exe --build --trace --debug AddCounter2bit_sim.cpp AddCounter2bit.v"
S  75996664  1184901  1673012804   619448687  1673012804   619448687 "/usr/local/bin/verilator_bin_dbg"
S       211 10620367  1673149335   689485211  1673149335   689485211 "AddCounter2bit.v"
T      5593 10620458  1673149394   451543504  1673149394   451543504 "obj_dir/VAddCounter2bit.cpp"
T      2807 10620457  1673149394   451543504  1673149394   451543504 "obj_dir/VAddCounter2bit.h"
T      1919 10620467  1673149394   451543504  1673149394   451543504 "obj_dir/VAddCounter2bit.mk"
T     11060 10620464  1673149394   451543504  1673149394   451543504 "obj_dir/VAddCounter2bit.xml"
T       143 10620380  1673149394   435542942  1673149394   435542942 "obj_dir/VAddCounter2bit_001_linkcells.dot"
T      2549 10620381  1673149394   435542942  1673149394   435542942 "obj_dir/VAddCounter2bit_002_cells.tree"
T      2707 10620382  1673149394   439543082  1673149394   439543082 "obj_dir/VAddCounter2bit_007_link.tree"
T        87 10620383  1673149394   439543082  1673149394   439543082 "obj_dir/VAddCounter2bit_008_linkInc.tree"
T        87 10620384  1673149394   439543082  1673149394   439543082 "obj_dir/VAddCounter2bit_010_paramlink.tree"
T      4351 10620385  1673149394   439543082  1673149394   439543082 "obj_dir/VAddCounter2bit_012_width.tree"
T      4040 10620386  1673149394   439543082  1673149394   439543082 "obj_dir/VAddCounter2bit_014_const.tree"
T        87 10620387  1673149394   439543082  1673149394   439543082 "obj_dir/VAddCounter2bit_015_assertpre.tree"
T        87 10620388  1673149394   439543082  1673149394   439543082 "obj_dir/VAddCounter2bit_016_assert.tree"
T      4951 10620389  1673149394   439543082  1673149394   439543082 "obj_dir/VAddCounter2bit_018_const.tree"
T      4868 10620390  1673149394   439543082  1673149394   439543082 "obj_dir/VAddCounter2bit_023_begin.tree"
T        87 10620391  1673149394   439543082  1673149394   439543082 "obj_dir/VAddCounter2bit_024_tristate.tree"
T        87 10620392  1673149394   439543082  1673149394   439543082 "obj_dir/VAddCounter2bit_025_unknown.tree"
T      5235 10620393  1673149394   439543082  1673149394   439543082 "obj_dir/VAddCounter2bit_026_inline.tree"
T        87 10620394  1673149394   439543082  1673149394   439543082 "obj_dir/VAddCounter2bit_028_const.tree"
T      4205 10620395  1673149394   439543082  1673149394   439543082 "obj_dir/VAddCounter2bit_029_deadDtypes.tree"
T        87 10620396  1673149394   439543082  1673149394   439543082 "obj_dir/VAddCounter2bit_030_inst.tree"
T        87 10620397  1673149394   439543082  1673149394   439543082 "obj_dir/VAddCounter2bit_031_const.tree"
T      6499 10620398  1673149394   439543082  1673149394   439543082 "obj_dir/VAddCounter2bit_032_scope.tree"
T      6371 10620399  1673149394   439543082  1673149394   439543082 "obj_dir/VAddCounter2bit_033_linkdot.tree"
T        87 10620400  1673149394   439543082  1673149394   439543082 "obj_dir/VAddCounter2bit_034_class.tree"
T        87 10620401  1673149394   439543082  1673149394   439543082 "obj_dir/VAddCounter2bit_035_const.tree"
T        87 10620402  1673149394   439543082  1673149394   439543082 "obj_dir/VAddCounter2bit_036_deadDtypesScoped.tree"
T        87 10620403  1673149394   439543082  1673149394   439543082 "obj_dir/VAddCounter2bit_037_case.tree"
T       189 10620404  1673149394   439543082  1673149394   439543082 "obj_dir/VAddCounter2bit_038_task_call.dot"
T        87 10620405  1673149394   439543082  1673149394   439543082 "obj_dir/VAddCounter2bit_039_task.tree"
T      6429 10620406  1673149394   443543223  1673149394   443543223 "obj_dir/VAddCounter2bit_041_unroll.tree"
T        87 10620407  1673149394   443543223  1673149394   443543223 "obj_dir/VAddCounter2bit_042_slice.tree"
T        87 10620408  1673149394   443543223  1673149394   443543223 "obj_dir/VAddCounter2bit_043_const.tree"
T        87 10620409  1673149394   443543223  1673149394   443543223 "obj_dir/VAddCounter2bit_044_life.tree"
T        87 10620410  1673149394   443543223  1673149394   443543223 "obj_dir/VAddCounter2bit_045_table.tree"
T        87 10620411  1673149394   443543223  1673149394   443543223 "obj_dir/VAddCounter2bit_046_const.tree"
T        87 10620412  1673149394   443543223  1673149394   443543223 "obj_dir/VAddCounter2bit_047_deadDtypesScoped.tree"
T      6804 10620413  1673149394   443543223  1673149394   443543223 "obj_dir/VAddCounter2bit_048_active.tree"
T        87 10620414  1673149394   443543223  1673149394   443543223 "obj_dir/VAddCounter2bit_049_split.tree"
T        87 10620415  1673149394   443543223  1673149394   443543223 "obj_dir/VAddCounter2bit_050_splitas.tree"
T      9372 10620416  1673149394   443543223  1673149394   443543223 "obj_dir/VAddCounter2bit_051_tracedecl.tree"
T      2356 10620417  1673149394   443543223  1673149394   443543223 "obj_dir/VAddCounter2bit_052_gate_simp.dot"
T      2185 10620418  1673149394   443543223  1673149394   443543223 "obj_dir/VAddCounter2bit_053_gate_opt.dot"
T      7234 10620419  1673149394   443543223  1673149394   443543223 "obj_dir/VAddCounter2bit_054_gate.tree"
T        87 10620420  1673149394   443543223  1673149394   443543223 "obj_dir/VAddCounter2bit_055_const.tree"
T      6262 10620421  1673149394   443543223  1673149394   443543223 "obj_dir/VAddCounter2bit_056_deadAllScoped.tree"
T        87 10620422  1673149394   443543223  1673149394   443543223 "obj_dir/VAddCounter2bit_057_reorder.tree"
T      7907 10620423  1673149394   443543223  1673149394   443543223 "obj_dir/VAddCounter2bit_058_delayed.tree"
T      8084 10620424  1673149394   443543223  1673149394   443543223 "obj_dir/VAddCounter2bit_059_activetop.tree"
T      2978 10620425  1673149394   443543223  1673149394   443543223 "obj_dir/VAddCounter2bit_060_orderg_pre.dot"
T       278 10620426  1673149394   443543223  1673149394   443543223 "obj_dir/VAddCounter2bit_061_acyc_simp.dot"
T      2901 10620427  1673149394   443543223  1673149394   443543223 "obj_dir/VAddCounter2bit_062_orderg_acyc.dot"
T      2996 10620428  1673149394   443543223  1673149394   443543223 "obj_dir/VAddCounter2bit_063_orderg_order.dot"
T      2997 10620429  1673149394   443543223  1673149394   443543223 "obj_dir/VAddCounter2bit_064_orderg_domain.dot"
T       740 10620430  1673149394   443543223  1673149394   443543223 "obj_dir/VAddCounter2bit_065_order_edges.txt"
T      2995 10620431  1673149394   443543223  1673149394   443543223 "obj_dir/VAddCounter2bit_066_orderg_done.dot"
T      8319 10620432  1673149394   443543223  1673149394   443543223 "obj_dir/VAddCounter2bit_067_order.tree"
T        87 10620433  1673149394   443543223  1673149394   443543223 "obj_dir/VAddCounter2bit_068_genclk.tree"
T      9863 10620434  1673149394   443543223  1673149394   443543223 "obj_dir/VAddCounter2bit_069_clock.tree"
T        87 10620435  1673149394   443543223  1673149394   443543223 "obj_dir/VAddCounter2bit_070_const.tree"
T        87 10620436  1673149394   443543223  1673149394   443543223 "obj_dir/VAddCounter2bit_071_life.tree"
T      9211 10620437  1673149394   443543223  1673149394   443543223 "obj_dir/VAddCounter2bit_072_life_post.tree"
T      8587 10620438  1673149394   443543223  1673149394   443543223 "obj_dir/VAddCounter2bit_073_const.tree"
T      8310 10620439  1673149394   443543223  1673149394   443543223 "obj_dir/VAddCounter2bit_074_deadAllScoped.tree"
T      8681 10620440  1673149394   447543363  1673149394   447543363 "obj_dir/VAddCounter2bit_075_changed.tree"
T     14804 10620441  1673149394   447543363  1673149394   447543363 "obj_dir/VAddCounter2bit_076_trace.tree"
T     12240 10620442  1673149394   447543363  1673149394   447543363 "obj_dir/VAddCounter2bit_078_descope.tree"
T        87 10620443  1673149394   447543363  1673149394   447543363 "obj_dir/VAddCounter2bit_079_combine.tree"
T     12081 10620444  1673149394   447543363  1673149394   447543363 "obj_dir/VAddCounter2bit_080_const.tree"
T     11765 10620445  1673149394   447543363  1673149394   447543363 "obj_dir/VAddCounter2bit_081_deadAll.tree"
T     12786 10620446  1673149394   447543363  1673149394   447543363 "obj_dir/VAddCounter2bit_082_clean.tree"
T     13295 10620447  1673149394   447543363  1673149394   447543363 "obj_dir/VAddCounter2bit_083_premit.tree"
T        89 10620448  1673149394   447543363  1673149394   447543363 "obj_dir/VAddCounter2bit_084_expand.tree"
T     13295 10620449  1673149394   447543363  1673149394   447543363 "obj_dir/VAddCounter2bit_085_const_cpp.tree"
T     12849 10620450  1673149394   447543363  1673149394   447543363 "obj_dir/VAddCounter2bit_086_subst.tree"
T        89 10620451  1673149394   447543363  1673149394   447543363 "obj_dir/VAddCounter2bit_087_const_cpp.tree"
T     12673 10620452  1673149394   447543363  1673149394   447543363 "obj_dir/VAddCounter2bit_088_deadAll.tree"
T     13135 10620453  1673149394   447543363  1673149394   447543363 "obj_dir/VAddCounter2bit_092_cast.tree"
T     15324 10620454  1673149394   447543363  1673149394   447543363 "obj_dir/VAddCounter2bit_093_cuse.tree"
T     16217 10620468  1673149394   451543504  1673149394   451543504 "obj_dir/VAddCounter2bit_990_final.tree"
T       358 10620379  1673149394   435542942  1673149394   435542942 "obj_dir/VAddCounter2bit_AddCounter2bit.vpp"
T       825 10620455  1673149394   451543504  1673149394   451543504 "obj_dir/VAddCounter2bit__Syms.cpp"
T      1178 10620456  1673149394   451543504  1673149394   451543504 "obj_dir/VAddCounter2bit__Syms.h"
T      1657 10620460  1673149394   451543504  1673149394   451543504 "obj_dir/VAddCounter2bit__Trace.cpp"
T      3090 10620459  1673149394   451543504  1673149394   451543504 "obj_dir/VAddCounter2bit__Trace__Slow.cpp"
T      2700 10620463  1673149394   451543504  1673149394   451543504 "obj_dir/VAddCounter2bit___024root.cpp"
T      1000 10620461  1673149394   451543504  1673149394   451543504 "obj_dir/VAddCounter2bit___024root.h"
T      2136 10620462  1673149394   451543504  1673149394   451543504 "obj_dir/VAddCounter2bit___024root__Slow.cpp"
T     23873 10620465  1673149394   451543504  1673149394   451543504 "obj_dir/VAddCounter2bit__stats.txt"
T      3704 10620469  1673149394   451543504  1673149394   451543504 "obj_dir/VAddCounter2bit__ver.d"
T         0        0  1673149394   451543504  1673149394   451543504 "obj_dir/VAddCounter2bit__verFiles.dat"
T      1740 10620466  1673149394   451543504  1673149394   451543504 "obj_dir/VAddCounter2bit_classes.mk"
