# DESCRIPTION: Verilator output: Timestamp data for --skip-identical.  Delete at will.
C "--cc --exe --build --trace --debug add_1bit_structure_sim.cpp add_1bit_structure.v"
S  96767328  5510302  1670255541   846965845  1670255541   846965845 "/usr/local/bin/verilator_bin_dbg"
S       437  9185465  1670666924   458144285  1670666924   458144285 "add_1bit_structure.v"
S       308  9185467  1670665291   685931105  1670665291   685931105 "my_and.v"
S       309  9185468  1670665372   840531902  1670665372   840531902 "my_exor.v"
S       307  9185469  1670665367   108346929  1670665367   108346929 "my_or.v"
T      5492  9313536  1670666928   330312153  1670666928   330312153 "obj_dir/Vadd_1bit_structure.cpp"
T      3151  9313535  1670666928   330312153  1670666928   330312153 "obj_dir/Vadd_1bit_structure.h"
T      1955  9313548  1670666928   334312327  1670666928   334312327 "obj_dir/Vadd_1bit_structure.mk"
T     45786  9313545  1670666928   334312327  1670666928   334312327 "obj_dir/Vadd_1bit_structure.xml"
T     15287  9313465  1670666928   290310420  1670666928   290310420 "obj_dir/Vadd_1bit_structure_001_cells.tree"
T     17967  9313466  1670666928   294310593  1670666928   294310593 "obj_dir/Vadd_1bit_structure_006_linkjump.tree"
T        87  9313467  1670666928   294310593  1670666928   294310593 "obj_dir/Vadd_1bit_structure_007_linkinc.tree"
T     17862  9313468  1670666928   294310593  1670666928   294310593 "obj_dir/Vadd_1bit_structure_009_linkdotparam.tree"
T     21490  9313469  1670666928   294310593  1670666928   294310593 "obj_dir/Vadd_1bit_structure_011_width.tree"
T     21581  9313470  1670666928   294310593  1670666928   294310593 "obj_dir/Vadd_1bit_structure_013_const.tree"
T        89  9313471  1670666928   294310593  1670666928   294310593 "obj_dir/Vadd_1bit_structure_014_assertpre.tree"
T        89  9313472  1670666928   294310593  1670666928   294310593 "obj_dir/Vadd_1bit_structure_015_assert.tree"
T     23897  9313473  1670666928   294310593  1670666928   294310593 "obj_dir/Vadd_1bit_structure_017_const.tree"
T     23514  9313474  1670666928   294310593  1670666928   294310593 "obj_dir/Vadd_1bit_structure_022_begin.tree"
T        89  9313475  1670666928   294310593  1670666928   294310593 "obj_dir/Vadd_1bit_structure_023_tristate.tree"
T        89  9313476  1670666928   294310593  1670666928   294310593 "obj_dir/Vadd_1bit_structure_024_unknown.tree"
T        89  9313477  1670666928   294310593  1670666928   294310593 "obj_dir/Vadd_1bit_structure_025_dfg-extract.tree"
T     23790  9313478  1670666928   294310593  1670666928   294310593 "obj_dir/Vadd_1bit_structure_026_dfg-optimize.tree"
T     37193  9313479  1670666928   298310766  1670666928   298310766 "obj_dir/Vadd_1bit_structure_027_inline.tree"
T     37757  9313480  1670666928   298310766  1670666928   298310766 "obj_dir/Vadd_1bit_structure_029_dfg-optimize.tree"
T     37121  9313481  1670666928   298310766  1670666928   298310766 "obj_dir/Vadd_1bit_structure_030_const.tree"
T     35454  9313482  1670666928   298310766  1670666928   298310766 "obj_dir/Vadd_1bit_structure_031_deadDtypes.tree"
T        89  9313483  1670666928   298310766  1670666928   298310766 "obj_dir/Vadd_1bit_structure_032_inst.tree"
T        89  9313484  1670666928   298310766  1670666928   298310766 "obj_dir/Vadd_1bit_structure_033_const.tree"
T     54741  9313485  1670666928   298310766  1670666928   298310766 "obj_dir/Vadd_1bit_structure_034_scope.tree"
T     53919  9313486  1670666928   298310766  1670666928   298310766 "obj_dir/Vadd_1bit_structure_035_linkdot.tree"
T        89  9313487  1670666928   298310766  1670666928   298310766 "obj_dir/Vadd_1bit_structure_036_class.tree"
T        89  9313488  1670666928   302310940  1670666928   302310940 "obj_dir/Vadd_1bit_structure_037_const.tree"
T        89  9313489  1670666928   302310940  1670666928   302310940 "obj_dir/Vadd_1bit_structure_038_deadDtypesScoped.tree"
T     88733  9313490  1670666928   302310940  1670666928   302310940 "obj_dir/Vadd_1bit_structure_039_case.tree"
T        89  9313491  1670666928   302310940  1670666928   302310940 "obj_dir/Vadd_1bit_structure_040_task.tree"
T     88223  9313492  1670666928   302310940  1670666928   302310940 "obj_dir/Vadd_1bit_structure_042_unroll.tree"
T        89  9313493  1670666928   302310940  1670666928   302310940 "obj_dir/Vadd_1bit_structure_043_slice.tree"
T     56076  9313494  1670666928   302310940  1670666928   302310940 "obj_dir/Vadd_1bit_structure_044_const.tree"
T        89  9313495  1670666928   302310940  1670666928   302310940 "obj_dir/Vadd_1bit_structure_045_life.tree"
T     52950  9313496  1670666928   306311112  1670666928   306311112 "obj_dir/Vadd_1bit_structure_046_table.tree"
T        89  9313497  1670666928   306311112  1670666928   306311112 "obj_dir/Vadd_1bit_structure_047_const.tree"
T     49366  9313498  1670666928   306311112  1670666928   306311112 "obj_dir/Vadd_1bit_structure_048_deadDtypesScoped.tree"
T     45768  9313499  1670666928   306311112  1670666928   306311112 "obj_dir/Vadd_1bit_structure_049_active.tree"
T        89  9313500  1670666928   306311112  1670666928   306311112 "obj_dir/Vadd_1bit_structure_050_split.tree"
T        89  9313501  1670666928   306311112  1670666928   306311112 "obj_dir/Vadd_1bit_structure_051_splitas.tree"
T     59415  9313502  1670666928   306311112  1670666928   306311112 "obj_dir/Vadd_1bit_structure_052_tracedecl.tree"
T     42404  9313503  1670666928   310311287  1670666928   310311287 "obj_dir/Vadd_1bit_structure_053_gate.tree"
T        89  9313504  1670666928   310311287  1670666928   310311287 "obj_dir/Vadd_1bit_structure_054_const.tree"
T     34437  9313505  1670666928   310311287  1670666928   310311287 "obj_dir/Vadd_1bit_structure_055_deadAllScoped.tree"
T        89  9313506  1670666928   310311287  1670666928   310311287 "obj_dir/Vadd_1bit_structure_056_reorder.tree"
T        89  9313507  1670666928   310311287  1670666928   310311287 "obj_dir/Vadd_1bit_structure_057_delayed.tree"
T     34429  9313508  1670666928   310311287  1670666928   310311287 "obj_dir/Vadd_1bit_structure_058_activetop.tree"
T     86059  9313509  1670666928   310311287  1670666928   310311287 "obj_dir/Vadd_1bit_structure_059_sched.tree"
T     83379  9313510  1670666928   314311460  1670666928   314311460 "obj_dir/Vadd_1bit_structure_060_clock.tree"
T     83744  9313511  1670666928   314311460  1670666928   314311460 "obj_dir/Vadd_1bit_structure_061_const.tree"
T        89  9313512  1670666928   314311460  1670666928   314311460 "obj_dir/Vadd_1bit_structure_062_life.tree"
T        89  9313513  1670666928   314311460  1670666928   314311460 "obj_dir/Vadd_1bit_structure_063_life_post.tree"
T     84902  9313514  1670666928   314311460  1670666928   314311460 "obj_dir/Vadd_1bit_structure_064_const.tree"
T        89  9313515  1670666928   314311460  1670666928   314311460 "obj_dir/Vadd_1bit_structure_065_deadAllScoped.tree"
T     91892  9313516  1670666928   318311633  1670666928   318311633 "obj_dir/Vadd_1bit_structure_066_trace.tree"
T     68682  9313517  1670666928   318311633  1670666928   318311633 "obj_dir/Vadd_1bit_structure_068_descope.tree"
T     60288  9313518  1670666928   318311633  1670666928   318311633 "obj_dir/Vadd_1bit_structure_069_combine.tree"
T     60142  9313519  1670666928   322311807  1670666928   322311807 "obj_dir/Vadd_1bit_structure_070_const.tree"
T     58978  9313520  1670666928   322311807  1670666928   322311807 "obj_dir/Vadd_1bit_structure_071_deadAll.tree"
T     60978  9313521  1670666928   322311807  1670666928   322311807 "obj_dir/Vadd_1bit_structure_072_clean.tree"
T     63185  9313522  1670666928   322311807  1670666928   322311807 "obj_dir/Vadd_1bit_structure_073_premit.tree"
T     64003  9313523  1670666928   326311979  1670666928   326311979 "obj_dir/Vadd_1bit_structure_074_expand.tree"
T        91  9313524  1670666928   326311979  1670666928   326311979 "obj_dir/Vadd_1bit_structure_075_const_cpp.tree"
T     62040  9313525  1670666928   326311979  1670666928   326311979 "obj_dir/Vadd_1bit_structure_076_subst.tree"
T        91  9313526  1670666928   326311979  1670666928   326311979 "obj_dir/Vadd_1bit_structure_077_const_cpp.tree"
T     61407  9313527  1670666928   326311979  1670666928   326311979 "obj_dir/Vadd_1bit_structure_078_deadAll.tree"
T     63094  9313528  1670666928   330312153  1670666928   330312153 "obj_dir/Vadd_1bit_structure_082_cast.tree"
T     68363  9313529  1670666928   330312153  1670666928   330312153 "obj_dir/Vadd_1bit_structure_083_common.tree"
T     68531  9313530  1670666928   330312153  1670666928   330312153 "obj_dir/Vadd_1bit_structure_084_variableorder.tree"
T        91  9313531  1670666928   330312153  1670666928   330312153 "obj_dir/Vadd_1bit_structure_085_cuse.tree"
T     69961  9313549  1670666928   334312327  1670666928   334312327 "obj_dir/Vadd_1bit_structure_990_final.tree"
T       496  9313534  1670666928   330312153  1670666928   330312153 "obj_dir/Vadd_1bit_structure__ConstPool_0.cpp"
T       858  9313532  1670666928   330312153  1670666928   330312153 "obj_dir/Vadd_1bit_structure__Syms.cpp"
T      1208  9313533  1670666928   330312153  1670666928   330312153 "obj_dir/Vadd_1bit_structure__Syms.h"
T      2355  9313544  1670666928   330312153  1670666928   330312153 "obj_dir/Vadd_1bit_structure__Trace__0.cpp"
T      5064  9313543  1670666928   330312153  1670666928   330312153 "obj_dir/Vadd_1bit_structure__Trace__0__Slow.cpp"
T      1425  9313537  1670666928   330312153  1670666928   330312153 "obj_dir/Vadd_1bit_structure___024root.h"
T      1612  9313541  1670666928   330312153  1670666928   330312153 "obj_dir/Vadd_1bit_structure___024root__DepSet_h8a705a50__0.cpp"
T       983  9313539  1670666928   330312153  1670666928   330312153 "obj_dir/Vadd_1bit_structure___024root__DepSet_h8a705a50__0__Slow.cpp"
T      7364  9313542  1670666928   330312153  1670666928   330312153 "obj_dir/Vadd_1bit_structure___024root__DepSet_hca7c2090__0.cpp"
T      6680  9313540  1670666928   330312153  1670666928   330312153 "obj_dir/Vadd_1bit_structure___024root__DepSet_hca7c2090__0__Slow.cpp"
T       788  9313538  1670666928   330312153  1670666928   330312153 "obj_dir/Vadd_1bit_structure___024root__Slow.cpp"
T     57548  9313546  1670666928   334312327  1670666928   334312327 "obj_dir/Vadd_1bit_structure__stats.txt"
T      4138  9313550  1670666928   338312499  1670666928   338312499 "obj_dir/Vadd_1bit_structure__ver.d"
T         0        0  1670666928   338312499  1670666928   338312499 "obj_dir/Vadd_1bit_structure__verFiles.dat"
T       566  9313461  1670666928   290310420  1670666928   290310420 "obj_dir/Vadd_1bit_structure_add_1bit_structure.v.vpp"
T      1868  9313547  1670666928   334312327  1670666928   334312327 "obj_dir/Vadd_1bit_structure_classes.mk"
T       401  9313463  1670666928   290310420  1670666928   290310420 "obj_dir/Vadd_1bit_structure_my_and.vpp"
T       405  9313462  1670666928   290310420  1670666928   290310420 "obj_dir/Vadd_1bit_structure_my_exor.vpp"
T       397  9313464  1670666928   290310420  1670666928   290310420 "obj_dir/Vadd_1bit_structure_my_or.vpp"
