# DESCRIPTION: Verilator output: Timestamp data for --skip-identical.  Delete at will.
C "--cc --exe --build --trace --debug encode_8to3_for_sim.cpp encode_8to3_for.v"
S  96767328  5510302  1670255541   846965845  1670255541   846965845 "/usr/local/bin/verilator_bin_dbg"
S       431  9184666  1670509394   788023055  1670509394   788023055 "encode_8to3_for.v"
T      5266  9184747  1670509412   304125679  1670509412   304125679 "obj_dir/Vencode_8to3_for.cpp"
T      3063  9184746  1670509412   304125679  1670509412   304125679 "obj_dir/Vencode_8to3_for.h"
T      1928  9184759  1670509412   308125705  1670509412   308125705 "obj_dir/Vencode_8to3_for.mk"
T    168366  9184756  1670509412   308125705  1670509412   308125705 "obj_dir/Vencode_8to3_for.xml"
T      5850  9184676  1670509412   204125061  1670509412   204125061 "obj_dir/Vencode_8to3_for_001_cells.tree"
T      6872  9184677  1670509412   204125061  1670509412   204125061 "obj_dir/Vencode_8to3_for_006_linkjump.tree"
T        87  9184678  1670509412   204125061  1670509412   204125061 "obj_dir/Vencode_8to3_for_007_linkinc.tree"
T      6845  9184679  1670509412   204125061  1670509412   204125061 "obj_dir/Vencode_8to3_for_009_linkdotparam.tree"
T      8973  9184680  1670509412   204125061  1670509412   204125061 "obj_dir/Vencode_8to3_for_011_width.tree"
T      8419  9184681  1670509412   204125061  1670509412   204125061 "obj_dir/Vencode_8to3_for_013_const.tree"
T        87  9184682  1670509412   204125061  1670509412   204125061 "obj_dir/Vencode_8to3_for_014_assertpre.tree"
T        87  9184683  1670509412   204125061  1670509412   204125061 "obj_dir/Vencode_8to3_for_015_assert.tree"
T      9871  9184684  1670509412   204125061  1670509412   204125061 "obj_dir/Vencode_8to3_for_017_const.tree"
T      9474  9184685  1670509412   204125061  1670509412   204125061 "obj_dir/Vencode_8to3_for_022_begin.tree"
T        87  9184686  1670509412   204125061  1670509412   204125061 "obj_dir/Vencode_8to3_for_023_tristate.tree"
T      9689  9184687  1670509412   204125061  1670509412   204125061 "obj_dir/Vencode_8to3_for_024_unknown.tree"
T        87  9184688  1670509412   204125061  1670509412   204125061 "obj_dir/Vencode_8to3_for_025_dfg-extract.tree"
T      9785  9184689  1670509412   204125061  1670509412   204125061 "obj_dir/Vencode_8to3_for_026_dfg-optimize.tree"
T     10366  9184690  1670509412   208125086  1670509412   208125086 "obj_dir/Vencode_8to3_for_027_inline.tree"
T     10480  9184691  1670509412   208125086  1670509412   208125086 "obj_dir/Vencode_8to3_for_029_dfg-optimize.tree"
T     10182  9184692  1670509412   208125086  1670509412   208125086 "obj_dir/Vencode_8to3_for_030_const.tree"
T      9011  9184693  1670509412   208125086  1670509412   208125086 "obj_dir/Vencode_8to3_for_031_deadDtypes.tree"
T        87  9184694  1670509412   208125086  1670509412   208125086 "obj_dir/Vencode_8to3_for_032_inst.tree"
T        87  9184695  1670509412   208125086  1670509412   208125086 "obj_dir/Vencode_8to3_for_033_const.tree"
T     13157  9184696  1670509412   208125086  1670509412   208125086 "obj_dir/Vencode_8to3_for_034_scope.tree"
T     13017  9184697  1670509412   208125086  1670509412   208125086 "obj_dir/Vencode_8to3_for_035_linkdot.tree"
T        87  9184698  1670509412   208125086  1670509412   208125086 "obj_dir/Vencode_8to3_for_036_class.tree"
T        87  9184699  1670509412   208125086  1670509412   208125086 "obj_dir/Vencode_8to3_for_037_const.tree"
T        87  9184700  1670509412   208125086  1670509412   208125086 "obj_dir/Vencode_8to3_for_038_deadDtypesScoped.tree"
T        87  9184701  1670509412   208125086  1670509412   208125086 "obj_dir/Vencode_8to3_for_039_case.tree"
T        87  9184702  1670509412   208125086  1670509412   208125086 "obj_dir/Vencode_8to3_for_040_task.tree"
T     27564  9184703  1670509412   208125086  1670509412   208125086 "obj_dir/Vencode_8to3_for_042_unroll.tree"
T        89  9184704  1670509412   208125086  1670509412   208125086 "obj_dir/Vencode_8to3_for_043_slice.tree"
T     21780  9184705  1670509412   208125086  1670509412   208125086 "obj_dir/Vencode_8to3_for_044_const.tree"
T     18074  9184706  1670509412   208125086  1670509412   208125086 "obj_dir/Vencode_8to3_for_045_life.tree"
T    162277  9184707  1670509412   216125136  1670509412   216125136 "obj_dir/Vencode_8to3_for_046_table.tree"
T    160159  9184708  1670509412   220125160  1670509412   220125160 "obj_dir/Vencode_8to3_for_047_const.tree"
T    159497  9184709  1670509412   220125160  1670509412   220125160 "obj_dir/Vencode_8to3_for_048_deadDtypesScoped.tree"
T    159060  9184710  1670509412   224125185  1670509412   224125185 "obj_dir/Vencode_8to3_for_049_active.tree"
T        91  9184711  1670509412   224125185  1670509412   224125185 "obj_dir/Vencode_8to3_for_050_split.tree"
T        91  9184712  1670509412   224125185  1670509412   224125185 "obj_dir/Vencode_8to3_for_051_splitas.tree"
T    162617  9184713  1670509412   228125210  1670509412   228125210 "obj_dir/Vencode_8to3_for_052_tracedecl.tree"
T    160316  9184714  1670509412   232125234  1670509412   232125234 "obj_dir/Vencode_8to3_for_053_gate.tree"
T        91  9184715  1670509412   232125234  1670509412   232125234 "obj_dir/Vencode_8to3_for_054_const.tree"
T    159268  9184716  1670509412   236125259  1670509412   236125259 "obj_dir/Vencode_8to3_for_055_deadAllScoped.tree"
T        91  9184717  1670509412   236125259  1670509412   236125259 "obj_dir/Vencode_8to3_for_056_reorder.tree"
T        91  9184718  1670509412   236125259  1670509412   236125259 "obj_dir/Vencode_8to3_for_057_delayed.tree"
T    159260  9184719  1670509412   240125284  1670509412   240125284 "obj_dir/Vencode_8to3_for_058_activetop.tree"
T    204411  9184720  1670509412   244125308  1670509412   244125308 "obj_dir/Vencode_8to3_for_059_sched.tree"
T    201716  9184721  1670509412   248125334  1670509412   248125334 "obj_dir/Vencode_8to3_for_060_clock.tree"
T    202085  9184722  1670509412   248125334  1670509412   248125334 "obj_dir/Vencode_8to3_for_061_const.tree"
T        91  9184723  1670509412   252125358  1670509412   252125358 "obj_dir/Vencode_8to3_for_062_life.tree"
T        91  9184724  1670509412   252125358  1670509412   252125358 "obj_dir/Vencode_8to3_for_063_life_post.tree"
T    202774  9184725  1670509412   256125383  1670509412   256125383 "obj_dir/Vencode_8to3_for_064_const.tree"
T        91  9184726  1670509412   256125383  1670509412   256125383 "obj_dir/Vencode_8to3_for_065_deadAllScoped.tree"
T    209733  9184727  1670509412   260125408  1670509412   260125408 "obj_dir/Vencode_8to3_for_066_trace.tree"
T    194362  9184728  1670509412   264125432  1670509412   264125432 "obj_dir/Vencode_8to3_for_068_descope.tree"
T    191131  9184729  1670509412   268125457  1670509412   268125457 "obj_dir/Vencode_8to3_for_069_combine.tree"
T    190987  9184730  1670509412   272125482  1670509412   272125482 "obj_dir/Vencode_8to3_for_070_const.tree"
T    190083  9184731  1670509412   272125482  1670509412   272125482 "obj_dir/Vencode_8to3_for_071_deadAll.tree"
T    196630  9184732  1670509412   276125507  1670509412   276125507 "obj_dir/Vencode_8to3_for_072_clean.tree"
T    198150  9184733  1670509412   280125531  1670509412   280125531 "obj_dir/Vencode_8to3_for_073_premit.tree"
T    198289  9184734  1670509412   284125556  1670509412   284125556 "obj_dir/Vencode_8to3_for_074_expand.tree"
T        91  9184735  1670509412   284125556  1670509412   284125556 "obj_dir/Vencode_8to3_for_075_const_cpp.tree"
T    196321  9184736  1670509412   288125581  1670509412   288125581 "obj_dir/Vencode_8to3_for_076_subst.tree"
T        91  9184737  1670509412   288125581  1670509412   288125581 "obj_dir/Vencode_8to3_for_077_const_cpp.tree"
T    195465  9184738  1670509412   292125605  1670509412   292125605 "obj_dir/Vencode_8to3_for_078_deadAll.tree"
T    196399  9184739  1670509412   296125631  1670509412   296125631 "obj_dir/Vencode_8to3_for_082_cast.tree"
T    199013  9184740  1670509412   300125655  1670509412   300125655 "obj_dir/Vencode_8to3_for_083_common.tree"
T    199104  9184741  1670509412   300125655  1670509412   300125655 "obj_dir/Vencode_8to3_for_084_variableorder.tree"
T        91  9184742  1670509412   300125655  1670509412   300125655 "obj_dir/Vencode_8to3_for_085_cuse.tree"
T    200640  9184760  1670509412   312125729  1670509412   312125729 "obj_dir/Vencode_8to3_for_990_final.tree"
T     15246  9184745  1670509412   304125679  1670509412   304125679 "obj_dir/Vencode_8to3_for__ConstPool_0.cpp"
T       834  9184743  1670509412   304125679  1670509412   304125679 "obj_dir/Vencode_8to3_for__Syms.cpp"
T      1181  9184744  1670509412   304125679  1670509412   304125679 "obj_dir/Vencode_8to3_for__Syms.h"
T      1986  9184755  1670509412   304125679  1670509412   304125679 "obj_dir/Vencode_8to3_for__Trace__0.cpp"
T      3560  9184754  1670509412   304125679  1670509412   304125679 "obj_dir/Vencode_8to3_for__Trace__0__Slow.cpp"
T      1169  9184748  1670509412   304125679  1670509412   304125679 "obj_dir/Vencode_8to3_for___024root.h"
T      1561  9184752  1670509412   304125679  1670509412   304125679 "obj_dir/Vencode_8to3_for___024root__DepSet_h166be844__0.cpp"
T       953  9184750  1670509412   304125679  1670509412   304125679 "obj_dir/Vencode_8to3_for___024root__DepSet_h166be844__0__Slow.cpp"
T      6112  9184753  1670509412   304125679  1670509412   304125679 "obj_dir/Vencode_8to3_for___024root__DepSet_hf671ec03__0.cpp"
T      6087  9184751  1670509412   304125679  1670509412   304125679 "obj_dir/Vencode_8to3_for___024root__DepSet_hf671ec03__0__Slow.cpp"
T       752  9184749  1670509412   304125679  1670509412   304125679 "obj_dir/Vencode_8to3_for___024root__Slow.cpp"
T     58254  9184757  1670509412   308125705  1670509412   308125705 "obj_dir/Vencode_8to3_for__stats.txt"
T      3727  9184761  1670509412   312125729  1670509412   312125729 "obj_dir/Vencode_8to3_for__ver.d"
T         0        0  1670509412   312125729  1670509412   312125729 "obj_dir/Vencode_8to3_for__verFiles.dat"
T      1835  9184758  1670509412   308125705  1670509412   308125705 "obj_dir/Vencode_8to3_for_classes.mk"
T       521  9184675  1670509412   200125037  1670509412   200125037 "obj_dir/Vencode_8to3_for_encode_8to3_for.v.vpp"
