# DESCRIPTION: Verilator output: Timestamp data for --skip-identical.  Delete at will.
C "--cc --exe --build --trace --debug SubCounter64bit_sim.cpp SubCounter64bit.v"
S  75996664  1184901  1673012804   619448687  1673012804   619448687 "/usr/local/bin/verilator_bin_dbg"
S       215 10621763  1673151794   744999177  1673151794   744999177 "SubCounter64bit.v"
T      5643 10621853  1673151868   123830363  1673151868   123830363 "obj_dir/VSubCounter64bit.cpp"
T      2821 10621852  1673151868   123830363  1673151868   123830363 "obj_dir/VSubCounter64bit.h"
T      1928 10621862  1673151868   123830363  1673151868   123830363 "obj_dir/VSubCounter64bit.mk"
T     10644 10621859  1673151868   123830363  1673151868   123830363 "obj_dir/VSubCounter64bit.xml"
T       144 10621775  1673151868   111829900  1673151868   111829900 "obj_dir/VSubCounter64bit_001_linkcells.dot"
T      2951 10621776  1673151868   111829900  1673151868   111829900 "obj_dir/VSubCounter64bit_002_cells.tree"
T      3105 10621777  1673151868   111829900  1673151868   111829900 "obj_dir/VSubCounter64bit_007_link.tree"
T        87 10621778  1673151868   111829900  1673151868   111829900 "obj_dir/VSubCounter64bit_008_linkInc.tree"
T        87 10621779  1673151868   111829900  1673151868   111829900 "obj_dir/VSubCounter64bit_010_paramlink.tree"
T      4002 10621780  1673151868   111829900  1673151868   111829900 "obj_dir/VSubCounter64bit_012_width.tree"
T        87 10621781  1673151868   111829900  1673151868   111829900 "obj_dir/VSubCounter64bit_014_const.tree"
T        87 10621782  1673151868   111829900  1673151868   111829900 "obj_dir/VSubCounter64bit_015_assertpre.tree"
T        87 10621783  1673151868   111829900  1673151868   111829900 "obj_dir/VSubCounter64bit_016_assert.tree"
T      4628 10621784  1673151868   111829900  1673151868   111829900 "obj_dir/VSubCounter64bit_018_const.tree"
T      4547 10621785  1673151868   111829900  1673151868   111829900 "obj_dir/VSubCounter64bit_023_begin.tree"
T        87 10621786  1673151868   111829900  1673151868   111829900 "obj_dir/VSubCounter64bit_024_tristate.tree"
T        87 10621787  1673151868   111829900  1673151868   111829900 "obj_dir/VSubCounter64bit_025_unknown.tree"
T      4921 10621788  1673151868   111829900  1673151868   111829900 "obj_dir/VSubCounter64bit_026_inline.tree"
T        87 10621789  1673151868   111829900  1673151868   111829900 "obj_dir/VSubCounter64bit_028_const.tree"
T      4235 10621790  1673151868   111829900  1673151868   111829900 "obj_dir/VSubCounter64bit_029_deadDtypes.tree"
T        87 10621791  1673151868   111829900  1673151868   111829900 "obj_dir/VSubCounter64bit_030_inst.tree"
T        87 10621792  1673151868   111829900  1673151868   111829900 "obj_dir/VSubCounter64bit_031_const.tree"
T      6546 10621793  1673151868   111829900  1673151868   111829900 "obj_dir/VSubCounter64bit_032_scope.tree"
T      6416 10621794  1673151868   111829900  1673151868   111829900 "obj_dir/VSubCounter64bit_033_linkdot.tree"
T        87 10621795  1673151868   111829900  1673151868   111829900 "obj_dir/VSubCounter64bit_034_class.tree"
T        87 10621796  1673151868   111829900  1673151868   111829900 "obj_dir/VSubCounter64bit_035_const.tree"
T        87 10621797  1673151868   111829900  1673151868   111829900 "obj_dir/VSubCounter64bit_036_deadDtypesScoped.tree"
T        87 10621798  1673151868   115830054  1673151868   115830054 "obj_dir/VSubCounter64bit_037_case.tree"
T       190 10621799  1673151868   115830054  1673151868   115830054 "obj_dir/VSubCounter64bit_038_task_call.dot"
T        87 10621800  1673151868   115830054  1673151868   115830054 "obj_dir/VSubCounter64bit_039_task.tree"
T      6477 10621801  1673151868   115830054  1673151868   115830054 "obj_dir/VSubCounter64bit_041_unroll.tree"
T        87 10621802  1673151868   115830054  1673151868   115830054 "obj_dir/VSubCounter64bit_042_slice.tree"
T        87 10621803  1673151868   115830054  1673151868   115830054 "obj_dir/VSubCounter64bit_043_const.tree"
T        87 10621804  1673151868   115830054  1673151868   115830054 "obj_dir/VSubCounter64bit_044_life.tree"
T        87 10621805  1673151868   115830054  1673151868   115830054 "obj_dir/VSubCounter64bit_045_table.tree"
T        87 10621806  1673151868   115830054  1673151868   115830054 "obj_dir/VSubCounter64bit_046_const.tree"
T        87 10621807  1673151868   115830054  1673151868   115830054 "obj_dir/VSubCounter64bit_047_deadDtypesScoped.tree"
T      6852 10621808  1673151868   115830054  1673151868   115830054 "obj_dir/VSubCounter64bit_048_active.tree"
T        87 10621809  1673151868   115830054  1673151868   115830054 "obj_dir/VSubCounter64bit_049_split.tree"
T        87 10621810  1673151868   115830054  1673151868   115830054 "obj_dir/VSubCounter64bit_050_splitas.tree"
T      9440 10621811  1673151868   115830054  1673151868   115830054 "obj_dir/VSubCounter64bit_051_tracedecl.tree"
T      2360 10621812  1673151868   115830054  1673151868   115830054 "obj_dir/VSubCounter64bit_052_gate_simp.dot"
T      2189 10621813  1673151868   115830054  1673151868   115830054 "obj_dir/VSubCounter64bit_053_gate_opt.dot"
T      7277 10621814  1673151868   115830054  1673151868   115830054 "obj_dir/VSubCounter64bit_054_gate.tree"
T        87 10621815  1673151868   115830054  1673151868   115830054 "obj_dir/VSubCounter64bit_055_const.tree"
T      6293 10621816  1673151868   115830054  1673151868   115830054 "obj_dir/VSubCounter64bit_056_deadAllScoped.tree"
T        87 10621817  1673151868   115830054  1673151868   115830054 "obj_dir/VSubCounter64bit_057_reorder.tree"
T      7955 10621818  1673151868   115830054  1673151868   115830054 "obj_dir/VSubCounter64bit_058_delayed.tree"
T      8132 10621819  1673151868   115830054  1673151868   115830054 "obj_dir/VSubCounter64bit_059_activetop.tree"
T      2979 10621820  1673151868   115830054  1673151868   115830054 "obj_dir/VSubCounter64bit_060_orderg_pre.dot"
T       279 10621821  1673151868   115830054  1673151868   115830054 "obj_dir/VSubCounter64bit_061_acyc_simp.dot"
T      2902 10621822  1673151868   115830054  1673151868   115830054 "obj_dir/VSubCounter64bit_062_orderg_acyc.dot"
T      2997 10621823  1673151868   115830054  1673151868   115830054 "obj_dir/VSubCounter64bit_063_orderg_order.dot"
T      2998 10621824  1673151868   115830054  1673151868   115830054 "obj_dir/VSubCounter64bit_064_orderg_domain.dot"
T       740 10621825  1673151868   115830054  1673151868   115830054 "obj_dir/VSubCounter64bit_065_order_edges.txt"
T      2996 10621826  1673151868   115830054  1673151868   115830054 "obj_dir/VSubCounter64bit_066_orderg_done.dot"
T      8367 10621827  1673151868   115830054  1673151868   115830054 "obj_dir/VSubCounter64bit_067_order.tree"
T        87 10621828  1673151868   115830054  1673151868   115830054 "obj_dir/VSubCounter64bit_068_genclk.tree"
T      9911 10621829  1673151868   115830054  1673151868   115830054 "obj_dir/VSubCounter64bit_069_clock.tree"
T        87 10621830  1673151868   115830054  1673151868   115830054 "obj_dir/VSubCounter64bit_070_const.tree"
T        87 10621831  1673151868   115830054  1673151868   115830054 "obj_dir/VSubCounter64bit_071_life.tree"
T      9252 10621832  1673151868   119830208  1673151868   119830208 "obj_dir/VSubCounter64bit_072_life_post.tree"
T      8621 10621833  1673151868   119830208  1673151868   119830208 "obj_dir/VSubCounter64bit_073_const.tree"
T      8341 10621834  1673151868   119830208  1673151868   119830208 "obj_dir/VSubCounter64bit_074_deadAllScoped.tree"
T      8712 10621835  1673151868   119830208  1673151868   119830208 "obj_dir/VSubCounter64bit_075_changed.tree"
T     14848 10621836  1673151868   119830208  1673151868   119830208 "obj_dir/VSubCounter64bit_076_trace.tree"
T     12278 10621837  1673151868   119830208  1673151868   119830208 "obj_dir/VSubCounter64bit_078_descope.tree"
T        87 10621838  1673151868   119830208  1673151868   119830208 "obj_dir/VSubCounter64bit_079_combine.tree"
T     12119 10621839  1673151868   119830208  1673151868   119830208 "obj_dir/VSubCounter64bit_080_const.tree"
T     11803 10621840  1673151868   119830208  1673151868   119830208 "obj_dir/VSubCounter64bit_081_deadAll.tree"
T     12351 10621841  1673151868   119830208  1673151868   119830208 "obj_dir/VSubCounter64bit_082_clean.tree"
T     12848 10621842  1673151868   119830208  1673151868   119830208 "obj_dir/VSubCounter64bit_083_premit.tree"
T        87 10621843  1673151868   119830208  1673151868   119830208 "obj_dir/VSubCounter64bit_084_expand.tree"
T        87 10621844  1673151868   119830208  1673151868   119830208 "obj_dir/VSubCounter64bit_085_const_cpp.tree"
T     12420 10621845  1673151868   119830208  1673151868   119830208 "obj_dir/VSubCounter64bit_086_subst.tree"
T        87 10621846  1673151868   119830208  1673151868   119830208 "obj_dir/VSubCounter64bit_087_const_cpp.tree"
T     12248 10621847  1673151868   119830208  1673151868   119830208 "obj_dir/VSubCounter64bit_088_deadAll.tree"
T     12517 10621848  1673151868   119830208  1673151868   119830208 "obj_dir/VSubCounter64bit_092_cast.tree"
T     14708 10621849  1673151868   123830363  1673151868   123830363 "obj_dir/VSubCounter64bit_093_cuse.tree"
T     15597 10621863  1673151868   123830363  1673151868   123830363 "obj_dir/VSubCounter64bit_990_final.tree"
T       366 10621774  1673151868   107829745  1673151868   107829745 "obj_dir/VSubCounter64bit_SubCounter64bit.vpp"
T       833 10621850  1673151868   123830363  1673151868   123830363 "obj_dir/VSubCounter64bit__Syms.cpp"
T      1187 10621851  1673151868   123830363  1673151868   123830363 "obj_dir/VSubCounter64bit__Syms.h"
T      1673 10621855  1673151868   123830363  1673151868   123830363 "obj_dir/VSubCounter64bit__Trace.cpp"
T      3127 10621854  1673151868   123830363  1673151868   123830363 "obj_dir/VSubCounter64bit__Trace__Slow.cpp"
T      2700 10621858  1673151868   123830363  1673151868   123830363 "obj_dir/VSubCounter64bit___024root.cpp"
T      1013 10621856  1673151868   123830363  1673151868   123830363 "obj_dir/VSubCounter64bit___024root.h"
T      2165 10621857  1673151868   123830363  1673151868   123830363 "obj_dir/VSubCounter64bit___024root__Slow.cpp"
T     23610 10621860  1673151868   123830363  1673151868   123830363 "obj_dir/VSubCounter64bit__stats.txt"
T      3797 10621864  1673151868   123830363  1673151868   123830363 "obj_dir/VSubCounter64bit__ver.d"
T         0        0  1673151868   123830363  1673151868   123830363 "obj_dir/VSubCounter64bit__verFiles.dat"
T      1747 10621861  1673151868   123830363  1673151868   123830363 "obj_dir/VSubCounter64bit_classes.mk"
