# DESCRIPTION: Verilator output: Timestamp data for --skip-identical.  Delete at will.
C "--cc --exe --build --trace --debug AddCounter64bit_sim.cpp AddCounter64bit.v"
S  75996664  1184901  1673012804   619448687  1673012804   619448687 "/usr/local/bin/verilator_bin_dbg"
S       213 10620943  1673150612   686192842  1673150612   686192842 "AddCounter64bit.v"
T      5643 10621037  1673150710    94222897  1673150710    94222897 "obj_dir/VAddCounter64bit.cpp"
T      2821 10621036  1673150710    94222897  1673150710    94222897 "obj_dir/VAddCounter64bit.h"
T      1928 10621046  1673150710    98223061  1673150710    98223061 "obj_dir/VAddCounter64bit.mk"
T     10644 10621043  1673150710    98223061  1673150710    98223061 "obj_dir/VAddCounter64bit.xml"
T       144 10620959  1673150710    82222404  1673150710    82222404 "obj_dir/VAddCounter64bit_001_linkcells.dot"
T      2778 10620960  1673150710    82222404  1673150710    82222404 "obj_dir/VAddCounter64bit_002_cells.tree"
T      2934 10620961  1673150710    82222404  1673150710    82222404 "obj_dir/VAddCounter64bit_007_link.tree"
T        87 10620962  1673150710    86222568  1673150710    86222568 "obj_dir/VAddCounter64bit_008_linkInc.tree"
T        87 10620963  1673150710    86222568  1673150710    86222568 "obj_dir/VAddCounter64bit_010_paramlink.tree"
T      3781 10620964  1673150710    86222568  1673150710    86222568 "obj_dir/VAddCounter64bit_012_width.tree"
T        87 10620965  1673150710    86222568  1673150710    86222568 "obj_dir/VAddCounter64bit_014_const.tree"
T        87 10620966  1673150710    86222568  1673150710    86222568 "obj_dir/VAddCounter64bit_015_assertpre.tree"
T        87 10620967  1673150710    86222568  1673150710    86222568 "obj_dir/VAddCounter64bit_016_assert.tree"
T      4536 10620968  1673150710    86222568  1673150710    86222568 "obj_dir/VAddCounter64bit_018_const.tree"
T      4453 10620969  1673150710    86222568  1673150710    86222568 "obj_dir/VAddCounter64bit_023_begin.tree"
T        87 10620970  1673150710    86222568  1673150710    86222568 "obj_dir/VAddCounter64bit_024_tristate.tree"
T        87 10620971  1673150710    86222568  1673150710    86222568 "obj_dir/VAddCounter64bit_025_unknown.tree"
T      4827 10620972  1673150710    86222568  1673150710    86222568 "obj_dir/VAddCounter64bit_026_inline.tree"
T        87 10620973  1673150710    86222568  1673150710    86222568 "obj_dir/VAddCounter64bit_028_const.tree"
T      4235 10620974  1673150710    86222568  1673150710    86222568 "obj_dir/VAddCounter64bit_029_deadDtypes.tree"
T        87 10620975  1673150710    86222568  1673150710    86222568 "obj_dir/VAddCounter64bit_030_inst.tree"
T        87 10620976  1673150710    86222568  1673150710    86222568 "obj_dir/VAddCounter64bit_031_const.tree"
T      6546 10620977  1673150710    86222568  1673150710    86222568 "obj_dir/VAddCounter64bit_032_scope.tree"
T      6416 10620978  1673150710    86222568  1673150710    86222568 "obj_dir/VAddCounter64bit_033_linkdot.tree"
T        87 10620979  1673150710    86222568  1673150710    86222568 "obj_dir/VAddCounter64bit_034_class.tree"
T        87 10620980  1673150710    86222568  1673150710    86222568 "obj_dir/VAddCounter64bit_035_const.tree"
T        87 10620981  1673150710    86222568  1673150710    86222568 "obj_dir/VAddCounter64bit_036_deadDtypesScoped.tree"
T        87 10620982  1673150710    86222568  1673150710    86222568 "obj_dir/VAddCounter64bit_037_case.tree"
T       190 10620983  1673150710    86222568  1673150710    86222568 "obj_dir/VAddCounter64bit_038_task_call.dot"
T        87 10620984  1673150710    86222568  1673150710    86222568 "obj_dir/VAddCounter64bit_039_task.tree"
T      6477 10620985  1673150710    86222568  1673150710    86222568 "obj_dir/VAddCounter64bit_041_unroll.tree"
T        87 10620986  1673150710    86222568  1673150710    86222568 "obj_dir/VAddCounter64bit_042_slice.tree"
T        87 10620987  1673150710    86222568  1673150710    86222568 "obj_dir/VAddCounter64bit_043_const.tree"
T        87 10620988  1673150710    86222568  1673150710    86222568 "obj_dir/VAddCounter64bit_044_life.tree"
T        87 10620989  1673150710    86222568  1673150710    86222568 "obj_dir/VAddCounter64bit_045_table.tree"
T        87 10620990  1673150710    86222568  1673150710    86222568 "obj_dir/VAddCounter64bit_046_const.tree"
T        87 10620991  1673150710    86222568  1673150710    86222568 "obj_dir/VAddCounter64bit_047_deadDtypesScoped.tree"
T      6852 10620992  1673150710    86222568  1673150710    86222568 "obj_dir/VAddCounter64bit_048_active.tree"
T        87 10620993  1673150710    86222568  1673150710    86222568 "obj_dir/VAddCounter64bit_049_split.tree"
T        87 10620994  1673150710    86222568  1673150710    86222568 "obj_dir/VAddCounter64bit_050_splitas.tree"
T      9440 10620995  1673150710    90222733  1673150710    90222733 "obj_dir/VAddCounter64bit_051_tracedecl.tree"
T      2360 10620996  1673150710    90222733  1673150710    90222733 "obj_dir/VAddCounter64bit_052_gate_simp.dot"
T      2189 10620997  1673150710    90222733  1673150710    90222733 "obj_dir/VAddCounter64bit_053_gate_opt.dot"
T      7277 10620998  1673150710    90222733  1673150710    90222733 "obj_dir/VAddCounter64bit_054_gate.tree"
T        87 10620999  1673150710    90222733  1673150710    90222733 "obj_dir/VAddCounter64bit_055_const.tree"
T      6293 10621000  1673150710    90222733  1673150710    90222733 "obj_dir/VAddCounter64bit_056_deadAllScoped.tree"
T        87 10621001  1673150710    90222733  1673150710    90222733 "obj_dir/VAddCounter64bit_057_reorder.tree"
T      7955 10621002  1673150710    90222733  1673150710    90222733 "obj_dir/VAddCounter64bit_058_delayed.tree"
T      8132 10621003  1673150710    90222733  1673150710    90222733 "obj_dir/VAddCounter64bit_059_activetop.tree"
T      2979 10621004  1673150710    90222733  1673150710    90222733 "obj_dir/VAddCounter64bit_060_orderg_pre.dot"
T       279 10621005  1673150710    90222733  1673150710    90222733 "obj_dir/VAddCounter64bit_061_acyc_simp.dot"
T      2902 10621006  1673150710    90222733  1673150710    90222733 "obj_dir/VAddCounter64bit_062_orderg_acyc.dot"
T      2997 10621007  1673150710    90222733  1673150710    90222733 "obj_dir/VAddCounter64bit_063_orderg_order.dot"
T      2998 10621008  1673150710    90222733  1673150710    90222733 "obj_dir/VAddCounter64bit_064_orderg_domain.dot"
T       740 10621009  1673150710    90222733  1673150710    90222733 "obj_dir/VAddCounter64bit_065_order_edges.txt"
T      2996 10621010  1673150710    90222733  1673150710    90222733 "obj_dir/VAddCounter64bit_066_orderg_done.dot"
T      8367 10621011  1673150710    90222733  1673150710    90222733 "obj_dir/VAddCounter64bit_067_order.tree"
T        87 10621012  1673150710    90222733  1673150710    90222733 "obj_dir/VAddCounter64bit_068_genclk.tree"
T      9911 10621013  1673150710    90222733  1673150710    90222733 "obj_dir/VAddCounter64bit_069_clock.tree"
T        87 10621014  1673150710    90222733  1673150710    90222733 "obj_dir/VAddCounter64bit_070_const.tree"
T        87 10621015  1673150710    90222733  1673150710    90222733 "obj_dir/VAddCounter64bit_071_life.tree"
T      9252 10621016  1673150710    90222733  1673150710    90222733 "obj_dir/VAddCounter64bit_072_life_post.tree"
T      8621 10621017  1673150710    90222733  1673150710    90222733 "obj_dir/VAddCounter64bit_073_const.tree"
T      8341 10621018  1673150710    90222733  1673150710    90222733 "obj_dir/VAddCounter64bit_074_deadAllScoped.tree"
T      8712 10621019  1673150710    90222733  1673150710    90222733 "obj_dir/VAddCounter64bit_075_changed.tree"
T     14848 10621020  1673150710    90222733  1673150710    90222733 "obj_dir/VAddCounter64bit_076_trace.tree"
T     12278 10621021  1673150710    94222897  1673150710    94222897 "obj_dir/VAddCounter64bit_078_descope.tree"
T        87 10621022  1673150710    94222897  1673150710    94222897 "obj_dir/VAddCounter64bit_079_combine.tree"
T     12119 10621023  1673150710    94222897  1673150710    94222897 "obj_dir/VAddCounter64bit_080_const.tree"
T     11803 10621024  1673150710    94222897  1673150710    94222897 "obj_dir/VAddCounter64bit_081_deadAll.tree"
T     12351 10621025  1673150710    94222897  1673150710    94222897 "obj_dir/VAddCounter64bit_082_clean.tree"
T     12848 10621026  1673150710    94222897  1673150710    94222897 "obj_dir/VAddCounter64bit_083_premit.tree"
T        87 10621027  1673150710    94222897  1673150710    94222897 "obj_dir/VAddCounter64bit_084_expand.tree"
T        87 10621028  1673150710    94222897  1673150710    94222897 "obj_dir/VAddCounter64bit_085_const_cpp.tree"
T     12420 10621029  1673150710    94222897  1673150710    94222897 "obj_dir/VAddCounter64bit_086_subst.tree"
T        87 10621030  1673150710    94222897  1673150710    94222897 "obj_dir/VAddCounter64bit_087_const_cpp.tree"
T     12248 10621031  1673150710    94222897  1673150710    94222897 "obj_dir/VAddCounter64bit_088_deadAll.tree"
T     12517 10621032  1673150710    94222897  1673150710    94222897 "obj_dir/VAddCounter64bit_092_cast.tree"
T     14697 10621033  1673150710    94222897  1673150710    94222897 "obj_dir/VAddCounter64bit_093_cuse.tree"
T     15586 10621047  1673150710    98223061  1673150710    98223061 "obj_dir/VAddCounter64bit_990_final.tree"
T       364 10620958  1673150710    82222404  1673150710    82222404 "obj_dir/VAddCounter64bit_AddCounter64bit.vpp"
T       833 10621034  1673150710    94222897  1673150710    94222897 "obj_dir/VAddCounter64bit__Syms.cpp"
T      1187 10621035  1673150710    94222897  1673150710    94222897 "obj_dir/VAddCounter64bit__Syms.h"
T      1673 10621039  1673150710    94222897  1673150710    94222897 "obj_dir/VAddCounter64bit__Trace.cpp"
T      3127 10621038  1673150710    94222897  1673150710    94222897 "obj_dir/VAddCounter64bit__Trace__Slow.cpp"
T      2655 10621042  1673150710    94222897  1673150710    94222897 "obj_dir/VAddCounter64bit___024root.cpp"
T      1013 10621040  1673150710    94222897  1673150710    94222897 "obj_dir/VAddCounter64bit___024root.h"
T      2165 10621041  1673150710    94222897  1673150710    94222897 "obj_dir/VAddCounter64bit___024root__Slow.cpp"
T     23562 10621044  1673150710    98223061  1673150710    98223061 "obj_dir/VAddCounter64bit__stats.txt"
T      3797 10621048  1673150710    98223061  1673150710    98223061 "obj_dir/VAddCounter64bit__ver.d"
T         0        0  1673150710    98223061  1673150710    98223061 "obj_dir/VAddCounter64bit__verFiles.dat"
T      1747 10621045  1673150710    98223061  1673150710    98223061 "obj_dir/VAddCounter64bit_classes.mk"
