# DESCRIPTION: Verilator output: Timestamp data for --skip-identical.  Delete at will.
C "--cc --exe --build --trace --debug register8_sim.cpp register8.v"
S  75996664  1184901  1673012804   619448687  1673012804   619448687 "/usr/local/bin/verilator_bin_dbg"
T      5395 10622988  1673170325   959910862  1673170325   959910862 "obj_dir/Vregister8.cpp"
T      2789 10622987  1673170325   959910862  1673170325   959910862 "obj_dir/Vregister8.h"
T      1874 10622997  1673170325   959910862  1673170325   959910862 "obj_dir/Vregister8.mk"
T     12360 10622994  1673170325   959910862  1673170325   959910862 "obj_dir/Vregister8.xml"
T       138 10622910  1673170325   943909929  1673170325   943909929 "obj_dir/Vregister8_001_linkcells.dot"
T      4303 10622911  1673170325   943909929  1673170325   943909929 "obj_dir/Vregister8_002_cells.tree"
T      4425 10622912  1673170325   943909929  1673170325   943909929 "obj_dir/Vregister8_007_link.tree"
T        87 10622913  1673170325   943909929  1673170325   943909929 "obj_dir/Vregister8_008_linkInc.tree"
T        87 10622914  1673170325   947910162  1673170325   947910162 "obj_dir/Vregister8_010_paramlink.tree"
T      5089 10622915  1673170325   947910162  1673170325   947910162 "obj_dir/Vregister8_012_width.tree"
T      4642 10622916  1673170325   947910162  1673170325   947910162 "obj_dir/Vregister8_014_const.tree"
T        87 10622917  1673170325   947910162  1673170325   947910162 "obj_dir/Vregister8_015_assertpre.tree"
T        87 10622918  1673170325   947910162  1673170325   947910162 "obj_dir/Vregister8_016_assert.tree"
T      6793 10622919  1673170325   947910162  1673170325   947910162 "obj_dir/Vregister8_018_const.tree"
T        87 10622920  1673170325   947910162  1673170325   947910162 "obj_dir/Vregister8_023_begin.tree"
T        87 10622921  1673170325   947910162  1673170325   947910162 "obj_dir/Vregister8_024_tristate.tree"
T        87 10622922  1673170325   947910162  1673170325   947910162 "obj_dir/Vregister8_025_unknown.tree"
T      7388 10622923  1673170325   947910162  1673170325   947910162 "obj_dir/Vregister8_026_inline.tree"
T      7051 10622924  1673170325   947910162  1673170325   947910162 "obj_dir/Vregister8_028_const.tree"
T      5754 10622925  1673170325   947910162  1673170325   947910162 "obj_dir/Vregister8_029_deadDtypes.tree"
T        87 10622926  1673170325   947910162  1673170325   947910162 "obj_dir/Vregister8_030_inst.tree"
T        87 10622927  1673170325   947910162  1673170325   947910162 "obj_dir/Vregister8_031_const.tree"
T      9296 10622928  1673170325   947910162  1673170325   947910162 "obj_dir/Vregister8_032_scope.tree"
T      9166 10622929  1673170325   947910162  1673170325   947910162 "obj_dir/Vregister8_033_linkdot.tree"
T        87 10622930  1673170325   947910162  1673170325   947910162 "obj_dir/Vregister8_034_class.tree"
T        87 10622931  1673170325   947910162  1673170325   947910162 "obj_dir/Vregister8_035_const.tree"
T        87 10622932  1673170325   947910162  1673170325   947910162 "obj_dir/Vregister8_036_deadDtypesScoped.tree"
T        87 10622933  1673170325   947910162  1673170325   947910162 "obj_dir/Vregister8_037_case.tree"
T       184 10622934  1673170325   947910162  1673170325   947910162 "obj_dir/Vregister8_038_task_call.dot"
T        87 10622935  1673170325   947910162  1673170325   947910162 "obj_dir/Vregister8_039_task.tree"
T      9241 10622936  1673170325   947910162  1673170325   947910162 "obj_dir/Vregister8_041_unroll.tree"
T        87 10622937  1673170325   947910162  1673170325   947910162 "obj_dir/Vregister8_042_slice.tree"
T        87 10622938  1673170325   947910162  1673170325   947910162 "obj_dir/Vregister8_043_const.tree"
T        87 10622939  1673170325   947910162  1673170325   947910162 "obj_dir/Vregister8_044_life.tree"
T        87 10622940  1673170325   951910396  1673170325   951910396 "obj_dir/Vregister8_045_table.tree"
T        87 10622941  1673170325   951910396  1673170325   951910396 "obj_dir/Vregister8_046_const.tree"
T        87 10622942  1673170325   951910396  1673170325   951910396 "obj_dir/Vregister8_047_deadDtypesScoped.tree"
T      9635 10622943  1673170325   951910396  1673170325   951910396 "obj_dir/Vregister8_048_active.tree"
T     10692 10622944  1673170325   951910396  1673170325   951910396 "obj_dir/Vregister8_049_split.tree"
T        87 10622945  1673170325   951910396  1673170325   951910396 "obj_dir/Vregister8_050_splitas.tree"
T     14668 10622946  1673170325   951910396  1673170325   951910396 "obj_dir/Vregister8_051_tracedecl.tree"
T      3826 10622947  1673170325   951910396  1673170325   951910396 "obj_dir/Vregister8_052_gate_simp.dot"
T      3547 10622948  1673170325   951910396  1673170325   951910396 "obj_dir/Vregister8_053_gate_opt.dot"
T     10221 10622949  1673170325   951910396  1673170325   951910396 "obj_dir/Vregister8_054_gate.tree"
T        87 10622950  1673170325   951910396  1673170325   951910396 "obj_dir/Vregister8_055_const.tree"
T      8684 10622951  1673170325   951910396  1673170325   951910396 "obj_dir/Vregister8_056_deadAllScoped.tree"
T        87 10622952  1673170325   951910396  1673170325   951910396 "obj_dir/Vregister8_057_reorder.tree"
T     10275 10622953  1673170325   951910396  1673170325   951910396 "obj_dir/Vregister8_058_delayed.tree"
T     10446 10622954  1673170325   951910396  1673170325   951910396 "obj_dir/Vregister8_059_activetop.tree"
T      3788 10622955  1673170325   951910396  1673170325   951910396 "obj_dir/Vregister8_060_orderg_pre.dot"
T       138 10622956  1673170325   951910396  1673170325   951910396 "obj_dir/Vregister8_061_acyc_simp.dot"
T      3789 10622957  1673170325   951910396  1673170325   951910396 "obj_dir/Vregister8_062_orderg_acyc.dot"
T      3928 10622958  1673170325   951910396  1673170325   951910396 "obj_dir/Vregister8_063_orderg_order.dot"
T      3929 10622959  1673170325   951910396  1673170325   951910396 "obj_dir/Vregister8_064_orderg_domain.dot"
T      1172 10622960  1673170325   951910396  1673170325   951910396 "obj_dir/Vregister8_065_order_edges.txt"
T      3927 10622961  1673170325   951910396  1673170325   951910396 "obj_dir/Vregister8_066_orderg_done.dot"
T     10677 10622962  1673170325   951910396  1673170325   951910396 "obj_dir/Vregister8_067_order.tree"
T        87 10622963  1673170325   951910396  1673170325   951910396 "obj_dir/Vregister8_068_genclk.tree"
T     12246 10622964  1673170325   955910629  1673170325   955910629 "obj_dir/Vregister8_069_clock.tree"
T        89 10622965  1673170325   955910629  1673170325   955910629 "obj_dir/Vregister8_070_const.tree"
T        89 10622966  1673170325   955910629  1673170325   955910629 "obj_dir/Vregister8_071_life.tree"
T     11621 10622967  1673170325   955910629  1673170325   955910629 "obj_dir/Vregister8_072_life_post.tree"
T     11019 10622968  1673170325   955910629  1673170325   955910629 "obj_dir/Vregister8_073_const.tree"
T     10754 10622969  1673170325   955910629  1673170325   955910629 "obj_dir/Vregister8_074_deadAllScoped.tree"
T     11131 10622970  1673170325   955910629  1673170325   955910629 "obj_dir/Vregister8_075_changed.tree"
T     17895 10622971  1673170325   955910629  1673170325   955910629 "obj_dir/Vregister8_076_trace.tree"
T     14451 10622972  1673170325   955910629  1673170325   955910629 "obj_dir/Vregister8_078_descope.tree"
T        89 10622973  1673170325   955910629  1673170325   955910629 "obj_dir/Vregister8_079_combine.tree"
T     14282 10622974  1673170325   955910629  1673170325   955910629 "obj_dir/Vregister8_080_const.tree"
T     13963 10622975  1673170325   955910629  1673170325   955910629 "obj_dir/Vregister8_081_deadAll.tree"
T     14825 10622976  1673170325   955910629  1673170325   955910629 "obj_dir/Vregister8_082_clean.tree"
T        89 10622977  1673170325   955910629  1673170325   955910629 "obj_dir/Vregister8_083_premit.tree"
T        89 10622978  1673170325   955910629  1673170325   955910629 "obj_dir/Vregister8_084_expand.tree"
T        89 10622979  1673170325   955910629  1673170325   955910629 "obj_dir/Vregister8_085_const_cpp.tree"
T        89 10622980  1673170325   955910629  1673170325   955910629 "obj_dir/Vregister8_086_subst.tree"
T        89 10622981  1673170325   955910629  1673170325   955910629 "obj_dir/Vregister8_087_const_cpp.tree"
T     14707 10622982  1673170325   959910862  1673170325   959910862 "obj_dir/Vregister8_088_deadAll.tree"
T     14888 10622983  1673170325   959910862  1673170325   959910862 "obj_dir/Vregister8_092_cast.tree"
T     17862 10622984  1673170325   959910862  1673170325   959910862 "obj_dir/Vregister8_093_cuse.tree"
T     18688 10622998  1673170325   959910862  1673170325   959910862 "obj_dir/Vregister8_990_final.tree"
T       785 10622985  1673170325   959910862  1673170325   959910862 "obj_dir/Vregister8__Syms.cpp"
T      1133 10622986  1673170325   959910862  1673170325   959910862 "obj_dir/Vregister8__Syms.h"
T      1676 10622990  1673170325   959910862  1673170325   959910862 "obj_dir/Vregister8__Trace.cpp"
T      3236 10622989  1673170325   959910862  1673170325   959910862 "obj_dir/Vregister8__Trace__Slow.cpp"
T      2606 10622993  1673170325   959910862  1673170325   959910862 "obj_dir/Vregister8___024root.cpp"
T       985 10622991  1673170325   959910862  1673170325   959910862 "obj_dir/Vregister8___024root.h"
T      2070 10622992  1673170325   959910862  1673170325   959910862 "obj_dir/Vregister8___024root__Slow.cpp"
T     23062 10622995  1673170325   959910862  1673170325   959910862 "obj_dir/Vregister8__stats.txt"
T      3239 10622999  1673170325   959910862  1673170325   959910862 "obj_dir/Vregister8__ver.d"
T         0        0  1673170325   959910862  1673170325   959910862 "obj_dir/Vregister8__verFiles.dat"
T      1705 10622996  1673170325   959910862  1673170325   959910862 "obj_dir/Vregister8_classes.mk"
T       313 10622909  1673170325   943909929  1673170325   943909929 "obj_dir/Vregister8_register8.vpp"
S       211 10622896  1673167784   695538930  1673167784   695538930 "register8.v"
