# DESCRIPTION: Verilator output: Timestamp data for --skip-identical.  Delete at will.
C "mux_2to1_Behavior.v mux_2to1_Behavior_sim.cpp --cc --exe --trace --debug --build"
S  76145840 15081189  1669435346   906716691  1669435346   906716691 "/usr/local/bin/verilator_bin_dbg"
S       238  3152725  1669531849   992874172  1669531849   992874172 "mux_2to1_Behavior.v"
T      5753  4726717  1669532115   911205515  1669532115   911205515 "obj_dir/Vmux_2to1_Behavior.cpp"
T      2856  4726716  1669532115   911205515  1669532115   911205515 "obj_dir/Vmux_2to1_Behavior.h"
T      1946  4726726  1669532115   911205515  1669532115   911205515 "obj_dir/Vmux_2to1_Behavior.mk"
T     10548  4726723  1669532115   911205515  1669532115   911205515 "obj_dir/Vmux_2to1_Behavior.xml"
T       146  4726639  1669532115   895205290  1669532115   895205290 "obj_dir/Vmux_2to1_Behavior_001_linkcells.dot"
T      2727  4726640  1669532115   895205290  1669532115   895205290 "obj_dir/Vmux_2to1_Behavior_002_cells.tree"
T      2836  4726641  1669532115   895205290  1669532115   895205290 "obj_dir/Vmux_2to1_Behavior_007_link.tree"
T        87  4726642  1669532115   895205290  1669532115   895205290 "obj_dir/Vmux_2to1_Behavior_008_linkInc.tree"
T        87  4726643  1669532115   899205346  1669532115   899205346 "obj_dir/Vmux_2to1_Behavior_010_paramlink.tree"
T      3480  4726644  1669532115   899205346  1669532115   899205346 "obj_dir/Vmux_2to1_Behavior_012_width.tree"
T      3438  4726645  1669532115   899205346  1669532115   899205346 "obj_dir/Vmux_2to1_Behavior_014_const.tree"
T        87  4726646  1669532115   899205346  1669532115   899205346 "obj_dir/Vmux_2to1_Behavior_015_assertpre.tree"
T        87  4726647  1669532115   899205346  1669532115   899205346 "obj_dir/Vmux_2to1_Behavior_016_assert.tree"
T      5226  4726648  1669532115   899205346  1669532115   899205346 "obj_dir/Vmux_2to1_Behavior_018_const.tree"
T      5032  4726649  1669532115   899205346  1669532115   899205346 "obj_dir/Vmux_2to1_Behavior_023_begin.tree"
T        87  4726650  1669532115   899205346  1669532115   899205346 "obj_dir/Vmux_2to1_Behavior_024_tristate.tree"
T        87  4726651  1669532115   899205346  1669532115   899205346 "obj_dir/Vmux_2to1_Behavior_025_unknown.tree"
T      5568  4726652  1669532115   899205346  1669532115   899205346 "obj_dir/Vmux_2to1_Behavior_026_inline.tree"
T      5169  4726653  1669532115   899205346  1669532115   899205346 "obj_dir/Vmux_2to1_Behavior_028_const.tree"
T      4256  4726654  1669532115   899205346  1669532115   899205346 "obj_dir/Vmux_2to1_Behavior_029_deadDtypes.tree"
T        87  4726655  1669532115   899205346  1669532115   899205346 "obj_dir/Vmux_2to1_Behavior_030_inst.tree"
T        87  4726656  1669532115   899205346  1669532115   899205346 "obj_dir/Vmux_2to1_Behavior_031_const.tree"
T      7090  4726657  1669532115   899205346  1669532115   899205346 "obj_dir/Vmux_2to1_Behavior_032_scope.tree"
T      6951  4726658  1669532115   899205346  1669532115   899205346 "obj_dir/Vmux_2to1_Behavior_033_linkdot.tree"
T        87  4726659  1669532115   899205346  1669532115   899205346 "obj_dir/Vmux_2to1_Behavior_034_class.tree"
T        87  4726660  1669532115   899205346  1669532115   899205346 "obj_dir/Vmux_2to1_Behavior_035_const.tree"
T        87  4726661  1669532115   899205346  1669532115   899205346 "obj_dir/Vmux_2to1_Behavior_036_deadDtypesScoped.tree"
T        87  4726662  1669532115   899205346  1669532115   899205346 "obj_dir/Vmux_2to1_Behavior_037_case.tree"
T       192  4726663  1669532115   899205346  1669532115   899205346 "obj_dir/Vmux_2to1_Behavior_038_task_call.dot"
T        87  4726664  1669532115   899205346  1669532115   899205346 "obj_dir/Vmux_2to1_Behavior_039_task.tree"
T      7042  4726665  1669532115   899205346  1669532115   899205346 "obj_dir/Vmux_2to1_Behavior_041_unroll.tree"
T        87  4726666  1669532115   899205346  1669532115   899205346 "obj_dir/Vmux_2to1_Behavior_042_slice.tree"
T        87  4726667  1669532115   899205346  1669532115   899205346 "obj_dir/Vmux_2to1_Behavior_043_const.tree"
T        87  4726668  1669532115   899205346  1669532115   899205346 "obj_dir/Vmux_2to1_Behavior_044_life.tree"
T        87  4726669  1669532115   899205346  1669532115   899205346 "obj_dir/Vmux_2to1_Behavior_045_table.tree"
T        87  4726670  1669532115   899205346  1669532115   899205346 "obj_dir/Vmux_2to1_Behavior_046_const.tree"
T        87  4726671  1669532115   899205346  1669532115   899205346 "obj_dir/Vmux_2to1_Behavior_047_deadDtypesScoped.tree"
T      7298  4726672  1669532115   899205346  1669532115   899205346 "obj_dir/Vmux_2to1_Behavior_048_active.tree"
T        87  4726673  1669532115   899205346  1669532115   899205346 "obj_dir/Vmux_2to1_Behavior_049_split.tree"
T        87  4726674  1669532115   903205403  1669532115   903205403 "obj_dir/Vmux_2to1_Behavior_050_splitas.tree"
T     10601  4726675  1669532115   903205403  1669532115   903205403 "obj_dir/Vmux_2to1_Behavior_051_tracedecl.tree"
T      2865  4726676  1669532115   903205403  1669532115   903205403 "obj_dir/Vmux_2to1_Behavior_052_gate_simp.dot"
T      2640  4726677  1669532115   903205403  1669532115   903205403 "obj_dir/Vmux_2to1_Behavior_053_gate_opt.dot"
T      7736  4726678  1669532115   903205403  1669532115   903205403 "obj_dir/Vmux_2to1_Behavior_054_gate.tree"
T        87  4726679  1669532115   903205403  1669532115   903205403 "obj_dir/Vmux_2to1_Behavior_055_const.tree"
T      6432  4726680  1669532115   903205403  1669532115   903205403 "obj_dir/Vmux_2to1_Behavior_056_deadAllScoped.tree"
T        87  4726681  1669532115   903205403  1669532115   903205403 "obj_dir/Vmux_2to1_Behavior_057_reorder.tree"
T        87  4726682  1669532115   903205403  1669532115   903205403 "obj_dir/Vmux_2to1_Behavior_058_delayed.tree"
T      7892  4726683  1669532115   903205403  1669532115   903205403 "obj_dir/Vmux_2to1_Behavior_059_activetop.tree"
T      1823  4726684  1669532115   903205403  1669532115   903205403 "obj_dir/Vmux_2to1_Behavior_060_orderg_pre.dot"
T       146  4726685  1669532115   903205403  1669532115   903205403 "obj_dir/Vmux_2to1_Behavior_061_acyc_simp.dot"
T      1824  4726686  1669532115   903205403  1669532115   903205403 "obj_dir/Vmux_2to1_Behavior_062_orderg_acyc.dot"
T      1878  4726687  1669532115   903205403  1669532115   903205403 "obj_dir/Vmux_2to1_Behavior_063_orderg_order.dot"
T      1879  4726688  1669532115   903205403  1669532115   903205403 "obj_dir/Vmux_2to1_Behavior_064_orderg_domain.dot"
T       405  4726689  1669532115   903205403  1669532115   903205403 "obj_dir/Vmux_2to1_Behavior_065_order_edges.txt"
T      1877  4726690  1669532115   903205403  1669532115   903205403 "obj_dir/Vmux_2to1_Behavior_066_orderg_done.dot"
T      8374  4726691  1669532115   903205403  1669532115   903205403 "obj_dir/Vmux_2to1_Behavior_067_order.tree"
T        87  4726692  1669532115   903205403  1669532115   903205403 "obj_dir/Vmux_2to1_Behavior_068_genclk.tree"
T      8008  4726693  1669532115   903205403  1669532115   903205403 "obj_dir/Vmux_2to1_Behavior_069_clock.tree"
T        87  4726694  1669532115   903205403  1669532115   903205403 "obj_dir/Vmux_2to1_Behavior_070_const.tree"
T        87  4726695  1669532115   903205403  1669532115   903205403 "obj_dir/Vmux_2to1_Behavior_071_life.tree"
T        87  4726696  1669532115   903205403  1669532115   903205403 "obj_dir/Vmux_2to1_Behavior_072_life_post.tree"
T        87  4726697  1669532115   903205403  1669532115   903205403 "obj_dir/Vmux_2to1_Behavior_073_const.tree"
T        87  4726698  1669532115   903205403  1669532115   903205403 "obj_dir/Vmux_2to1_Behavior_074_deadAllScoped.tree"
T      8373  4726699  1669532115   903205403  1669532115   903205403 "obj_dir/Vmux_2to1_Behavior_075_changed.tree"
T     14815  4726700  1669532115   907205459  1669532115   907205459 "obj_dir/Vmux_2to1_Behavior_076_trace.tree"
T     12296  4726701  1669532115   907205459  1669532115   907205459 "obj_dir/Vmux_2to1_Behavior_078_descope.tree"
T     11321  4726702  1669532115   907205459  1669532115   907205459 "obj_dir/Vmux_2to1_Behavior_079_combine.tree"
T     11180  4726703  1669532115   907205459  1669532115   907205459 "obj_dir/Vmux_2to1_Behavior_080_const.tree"
T     10864  4726704  1669532115   907205459  1669532115   907205459 "obj_dir/Vmux_2to1_Behavior_081_deadAll.tree"
T     11407  4726705  1669532115   907205459  1669532115   907205459 "obj_dir/Vmux_2to1_Behavior_082_clean.tree"
T        87  4726706  1669532115   907205459  1669532115   907205459 "obj_dir/Vmux_2to1_Behavior_083_premit.tree"
T        87  4726707  1669532115   907205459  1669532115   907205459 "obj_dir/Vmux_2to1_Behavior_084_expand.tree"
T        87  4726708  1669532115   907205459  1669532115   907205459 "obj_dir/Vmux_2to1_Behavior_085_const_cpp.tree"
T        87  4726709  1669532115   907205459  1669532115   907205459 "obj_dir/Vmux_2to1_Behavior_086_subst.tree"
T        87  4726710  1669532115   907205459  1669532115   907205459 "obj_dir/Vmux_2to1_Behavior_087_const_cpp.tree"
T     11306  4726711  1669532115   911205515  1669532115   911205515 "obj_dir/Vmux_2to1_Behavior_088_deadAll.tree"
T     11573  4726712  1669532115   911205515  1669532115   911205515 "obj_dir/Vmux_2to1_Behavior_092_cast.tree"
T     14454  4726713  1669532115   911205515  1669532115   911205515 "obj_dir/Vmux_2to1_Behavior_093_cuse.tree"
T     15339  4726727  1669532115   911205515  1669532115   911205515 "obj_dir/Vmux_2to1_Behavior_990_final.tree"
T       849  4726714  1669532115   911205515  1669532115   911205515 "obj_dir/Vmux_2to1_Behavior__Syms.cpp"
T      1205  4726715  1669532115   911205515  1669532115   911205515 "obj_dir/Vmux_2to1_Behavior__Syms.h"
T      1735  4726719  1669532115   911205515  1669532115   911205515 "obj_dir/Vmux_2to1_Behavior__Trace.cpp"
T      3302  4726718  1669532115   911205515  1669532115   911205515 "obj_dir/Vmux_2to1_Behavior__Trace__Slow.cpp"
T      2634  4726722  1669532115   911205515  1669532115   911205515 "obj_dir/Vmux_2to1_Behavior___024root.cpp"
T       982  4726720  1669532115   911205515  1669532115   911205515 "obj_dir/Vmux_2to1_Behavior___024root.h"
T      2349  4726721  1669532115   911205515  1669532115   911205515 "obj_dir/Vmux_2to1_Behavior___024root__Slow.cpp"
T     21799  4726724  1669532115   911205515  1669532115   911205515 "obj_dir/Vmux_2to1_Behavior__stats.txt"
T      3983  4726728  1669532115   911205515  1669532115   911205515 "obj_dir/Vmux_2to1_Behavior__ver.d"
T         0        0  1669532115   911205515  1669532115   911205515 "obj_dir/Vmux_2to1_Behavior__verFiles.dat"
T      1761  4726725  1669532115   911205515  1669532115   911205515 "obj_dir/Vmux_2to1_Behavior_classes.mk"
T       364  4726638  1669532115   895205290  1669532115   895205290 "obj_dir/Vmux_2to1_Behavior_mux_2to1_Behavior.vpp"
