# DESCRIPTION: Verilator output: Timestamp data for --skip-identical.  Delete at will.
C "--cc --exe --build --trace --debug register2_sim.cpp register2.v"
S  75996664  1184901  1673012804   619448687  1673012804   619448687 "/usr/local/bin/verilator_bin_dbg"
T      5395 10622692  1673166433   579959554  1673166433   579959554 "obj_dir/Vregister2.cpp"
T      2789 10622691  1673166433   579959554  1673166433   579959554 "obj_dir/Vregister2.h"
T      1874 10622701  1673166433   579959554  1673166433   579959554 "obj_dir/Vregister2.mk"
T     12830 10622698  1673166433   579959554  1673166433   579959554 "obj_dir/Vregister2.xml"
T       138 10622614  1673166433   563958595  1673166433   563958595 "obj_dir/Vregister2_001_linkcells.dot"
T      4303 10622615  1673166433   563958595  1673166433   563958595 "obj_dir/Vregister2_002_cells.tree"
T      4425 10622616  1673166433   563958595  1673166433   563958595 "obj_dir/Vregister2_007_link.tree"
T        87 10622617  1673166433   563958595  1673166433   563958595 "obj_dir/Vregister2_008_linkInc.tree"
T        87 10622618  1673166433   567958836  1673166433   567958836 "obj_dir/Vregister2_010_paramlink.tree"
T      4860 10622619  1673166433   567958836  1673166433   567958836 "obj_dir/Vregister2_012_width.tree"
T      4547 10622620  1673166433   567958836  1673166433   567958836 "obj_dir/Vregister2_014_const.tree"
T        87 10622621  1673166433   567958836  1673166433   567958836 "obj_dir/Vregister2_015_assertpre.tree"
T        87 10622622  1673166433   567958836  1673166433   567958836 "obj_dir/Vregister2_016_assert.tree"
T      6698 10622623  1673166433   567958836  1673166433   567958836 "obj_dir/Vregister2_018_const.tree"
T        87 10622624  1673166433   567958836  1673166433   567958836 "obj_dir/Vregister2_023_begin.tree"
T        87 10622625  1673166433   567958836  1673166433   567958836 "obj_dir/Vregister2_024_tristate.tree"
T        87 10622626  1673166433   567958836  1673166433   567958836 "obj_dir/Vregister2_025_unknown.tree"
T      7293 10622627  1673166433   567958836  1673166433   567958836 "obj_dir/Vregister2_026_inline.tree"
T      6956 10622628  1673166433   567958836  1673166433   567958836 "obj_dir/Vregister2_028_const.tree"
T      5754 10622629  1673166433   567958836  1673166433   567958836 "obj_dir/Vregister2_029_deadDtypes.tree"
T        87 10622630  1673166433   567958836  1673166433   567958836 "obj_dir/Vregister2_030_inst.tree"
T        87 10622631  1673166433   567958836  1673166433   567958836 "obj_dir/Vregister2_031_const.tree"
T      9296 10622632  1673166433   567958836  1673166433   567958836 "obj_dir/Vregister2_032_scope.tree"
T      9166 10622633  1673166433   567958836  1673166433   567958836 "obj_dir/Vregister2_033_linkdot.tree"
T        87 10622634  1673166433   571959075  1673166433   571959075 "obj_dir/Vregister2_034_class.tree"
T        87 10622635  1673166433   571959075  1673166433   571959075 "obj_dir/Vregister2_035_const.tree"
T        87 10622636  1673166433   571959075  1673166433   571959075 "obj_dir/Vregister2_036_deadDtypesScoped.tree"
T        87 10622637  1673166433   571959075  1673166433   571959075 "obj_dir/Vregister2_037_case.tree"
T       184 10622638  1673166433   571959075  1673166433   571959075 "obj_dir/Vregister2_038_task_call.dot"
T        87 10622639  1673166433   571959075  1673166433   571959075 "obj_dir/Vregister2_039_task.tree"
T      9241 10622640  1673166433   571959075  1673166433   571959075 "obj_dir/Vregister2_041_unroll.tree"
T        87 10622641  1673166433   571959075  1673166433   571959075 "obj_dir/Vregister2_042_slice.tree"
T        87 10622642  1673166433   571959075  1673166433   571959075 "obj_dir/Vregister2_043_const.tree"
T        87 10622643  1673166433   571959075  1673166433   571959075 "obj_dir/Vregister2_044_life.tree"
T        87 10622644  1673166433   571959075  1673166433   571959075 "obj_dir/Vregister2_045_table.tree"
T        87 10622645  1673166433   571959075  1673166433   571959075 "obj_dir/Vregister2_046_const.tree"
T        87 10622646  1673166433   571959075  1673166433   571959075 "obj_dir/Vregister2_047_deadDtypesScoped.tree"
T      9635 10622647  1673166433   571959075  1673166433   571959075 "obj_dir/Vregister2_048_active.tree"
T     10692 10622648  1673166433   571959075  1673166433   571959075 "obj_dir/Vregister2_049_split.tree"
T        87 10622649  1673166433   571959075  1673166433   571959075 "obj_dir/Vregister2_050_splitas.tree"
T     14668 10622650  1673166433   571959075  1673166433   571959075 "obj_dir/Vregister2_051_tracedecl.tree"
T      3826 10622651  1673166433   571959075  1673166433   571959075 "obj_dir/Vregister2_052_gate_simp.dot"
T      3547 10622652  1673166433   571959075  1673166433   571959075 "obj_dir/Vregister2_053_gate_opt.dot"
T     10221 10622653  1673166433   571959075  1673166433   571959075 "obj_dir/Vregister2_054_gate.tree"
T        87 10622654  1673166433   571959075  1673166433   571959075 "obj_dir/Vregister2_055_const.tree"
T      8684 10622655  1673166433   571959075  1673166433   571959075 "obj_dir/Vregister2_056_deadAllScoped.tree"
T        87 10622656  1673166433   571959075  1673166433   571959075 "obj_dir/Vregister2_057_reorder.tree"
T     10275 10622657  1673166433   571959075  1673166433   571959075 "obj_dir/Vregister2_058_delayed.tree"
T     10446 10622658  1673166433   571959075  1673166433   571959075 "obj_dir/Vregister2_059_activetop.tree"
T      3788 10622659  1673166433   571959075  1673166433   571959075 "obj_dir/Vregister2_060_orderg_pre.dot"
T       138 10622660  1673166433   571959075  1673166433   571959075 "obj_dir/Vregister2_061_acyc_simp.dot"
T      3789 10622661  1673166433   571959075  1673166433   571959075 "obj_dir/Vregister2_062_orderg_acyc.dot"
T      3928 10622662  1673166433   571959075  1673166433   571959075 "obj_dir/Vregister2_063_orderg_order.dot"
T      3929 10622663  1673166433   571959075  1673166433   571959075 "obj_dir/Vregister2_064_orderg_domain.dot"
T      1172 10622664  1673166433   571959075  1673166433   571959075 "obj_dir/Vregister2_065_order_edges.txt"
T      3927 10622665  1673166433   571959075  1673166433   571959075 "obj_dir/Vregister2_066_orderg_done.dot"
T     10677 10622666  1673166433   575959314  1673166433   575959314 "obj_dir/Vregister2_067_order.tree"
T        87 10622667  1673166433   575959314  1673166433   575959314 "obj_dir/Vregister2_068_genclk.tree"
T     12245 10622668  1673166433   575959314  1673166433   575959314 "obj_dir/Vregister2_069_clock.tree"
T        89 10622669  1673166433   575959314  1673166433   575959314 "obj_dir/Vregister2_070_const.tree"
T        89 10622670  1673166433   575959314  1673166433   575959314 "obj_dir/Vregister2_071_life.tree"
T     11620 10622671  1673166433   575959314  1673166433   575959314 "obj_dir/Vregister2_072_life_post.tree"
T     11018 10622672  1673166433   575959314  1673166433   575959314 "obj_dir/Vregister2_073_const.tree"
T     10753 10622673  1673166433   575959314  1673166433   575959314 "obj_dir/Vregister2_074_deadAllScoped.tree"
T     11130 10622674  1673166433   575959314  1673166433   575959314 "obj_dir/Vregister2_075_changed.tree"
T     17894 10622675  1673166433   575959314  1673166433   575959314 "obj_dir/Vregister2_076_trace.tree"
T     14451 10622676  1673166433   575959314  1673166433   575959314 "obj_dir/Vregister2_078_descope.tree"
T        89 10622677  1673166433   575959314  1673166433   575959314 "obj_dir/Vregister2_079_combine.tree"
T     14282 10622678  1673166433   575959314  1673166433   575959314 "obj_dir/Vregister2_080_const.tree"
T     13963 10622679  1673166433   575959314  1673166433   575959314 "obj_dir/Vregister2_081_deadAll.tree"
T     14825 10622680  1673166433   575959314  1673166433   575959314 "obj_dir/Vregister2_082_clean.tree"
T        89 10622681  1673166433   575959314  1673166433   575959314 "obj_dir/Vregister2_083_premit.tree"
T        89 10622682  1673166433   575959314  1673166433   575959314 "obj_dir/Vregister2_084_expand.tree"
T        89 10622683  1673166433   575959314  1673166433   575959314 "obj_dir/Vregister2_085_const_cpp.tree"
T        89 10622684  1673166433   575959314  1673166433   575959314 "obj_dir/Vregister2_086_subst.tree"
T        89 10622685  1673166433   575959314  1673166433   575959314 "obj_dir/Vregister2_087_const_cpp.tree"
T     14707 10622686  1673166433   579959554  1673166433   579959554 "obj_dir/Vregister2_088_deadAll.tree"
T     14888 10622687  1673166433   579959554  1673166433   579959554 "obj_dir/Vregister2_092_cast.tree"
T     18609 10622688  1673166433   579959554  1673166433   579959554 "obj_dir/Vregister2_093_cuse.tree"
T     19441 10622702  1673166433   579959554  1673166433   579959554 "obj_dir/Vregister2_990_final.tree"
T       785 10622689  1673166433   579959554  1673166433   579959554 "obj_dir/Vregister2__Syms.cpp"
T      1133 10622690  1673166433   579959554  1673166433   579959554 "obj_dir/Vregister2__Syms.h"
T      1676 10622694  1673166433   579959554  1673166433   579959554 "obj_dir/Vregister2__Trace.cpp"
T      3236 10622693  1673166433   579959554  1673166433   579959554 "obj_dir/Vregister2__Trace__Slow.cpp"
T      2695 10622697  1673166433   579959554  1673166433   579959554 "obj_dir/Vregister2___024root.cpp"
T       985 10622695  1673166433   579959554  1673166433   579959554 "obj_dir/Vregister2___024root.h"
T      2070 10622696  1673166433   579959554  1673166433   579959554 "obj_dir/Vregister2___024root__Slow.cpp"
T     22998 10622699  1673166433   579959554  1673166433   579959554 "obj_dir/Vregister2__stats.txt"
T      3239 10622703  1673166433   579959554  1673166433   579959554 "obj_dir/Vregister2__ver.d"
T         0        0  1673166433   579959554  1673166433   579959554 "obj_dir/Vregister2__verFiles.dat"
T      1705 10622700  1673166433   579959554  1673166433   579959554 "obj_dir/Vregister2_classes.mk"
T       313 10622613  1673166433   563958595  1673166433   563958595 "obj_dir/Vregister2_register2.vpp"
S       211 10622586  1673165400   442568927  1673165400   442568927 "register2.v"
