# DESCRIPTION: Verilator output: Timestamp data for --skip-identical.  Delete at will.
C "--cc --exe --build --trace --debug AddMinusALU_32_sim.cpp AddMinusALU_32.v"
S  75996664  3413312  1675058799   531685933  1675058799   531685933 "/usr/local/bin/verilator_bin_dbg"
S       597  4980750  1675431651    52143539  1675431651    52143539 "AddMinusALU_32.v"
T      5725  4980755  1675431806   768144066  1675431806   768144066 "obj_dir/VAddMinusALU_32.cpp"
T      2908  4980754  1675431806   768144066  1675431806   768144066 "obj_dir/VAddMinusALU_32.h"
T      1919  4980760  1675431806   768144066  1675431806   768144066 "obj_dir/VAddMinusALU_32.mk"
T     17829  4980841  1675431806   768144066  1675431806   768144066 "obj_dir/VAddMinusALU_32.xml"
T       143  4980764  1675431806   740144066  1675431806   740144066 "obj_dir/VAddMinusALU_32_001_linkcells.dot"
T      7108  4980765  1675431806   740144066  1675431806   740144066 "obj_dir/VAddMinusALU_32_002_cells.tree"
T      8866  4980766  1675431806   744144066  1675431806   744144066 "obj_dir/VAddMinusALU_32_007_link.tree"
T        87  4980767  1675431806   744144066  1675431806   744144066 "obj_dir/VAddMinusALU_32_008_linkInc.tree"
T        87  4980768  1675431806   744144066  1675431806   744144066 "obj_dir/VAddMinusALU_32_010_paramlink.tree"
T     10237  4980769  1675431806   748144066  1675431806   748144066 "obj_dir/VAddMinusALU_32_012_width.tree"
T      9418  4980770  1675431806   748144066  1675431806   748144066 "obj_dir/VAddMinusALU_32_014_const.tree"
T        87  4980771  1675431806   748144066  1675431806   748144066 "obj_dir/VAddMinusALU_32_015_assertpre.tree"
T        87  4980772  1675431806   748144066  1675431806   748144066 "obj_dir/VAddMinusALU_32_016_assert.tree"
T     13929  4980773  1675431806   748144066  1675431806   748144066 "obj_dir/VAddMinusALU_32_018_const.tree"
T        89  4980774  1675431806   748144066  1675431806   748144066 "obj_dir/VAddMinusALU_32_023_begin.tree"
T        89  4980775  1675431806   748144066  1675431806   748144066 "obj_dir/VAddMinusALU_32_024_tristate.tree"
T     14401  4980776  1675431806   752144066  1675431806   752144066 "obj_dir/VAddMinusALU_32_025_unknown.tree"
T     15802  4980777  1675431806   752144066  1675431806   752144066 "obj_dir/VAddMinusALU_32_026_inline.tree"
T        89  4980778  1675431806   752144066  1675431806   752144066 "obj_dir/VAddMinusALU_32_028_const.tree"
T     13771  4980779  1675431806   752144066  1675431806   752144066 "obj_dir/VAddMinusALU_32_029_deadDtypes.tree"
T        89  4980780  1675431806   752144066  1675431806   752144066 "obj_dir/VAddMinusALU_32_030_inst.tree"
T        89  4980781  1675431806   752144066  1675431806   752144066 "obj_dir/VAddMinusALU_32_031_const.tree"
T     20651  4980782  1675431806   752144066  1675431806   752144066 "obj_dir/VAddMinusALU_32_032_scope.tree"
T     20479  4980783  1675431806   752144066  1675431806   752144066 "obj_dir/VAddMinusALU_32_033_linkdot.tree"
T        89  4980784  1675431806   752144066  1675431806   752144066 "obj_dir/VAddMinusALU_32_034_class.tree"
T        89  4980785  1675431806   752144066  1675431806   752144066 "obj_dir/VAddMinusALU_32_035_const.tree"
T        89  4980786  1675431806   752144066  1675431806   752144066 "obj_dir/VAddMinusALU_32_036_deadDtypesScoped.tree"
T        89  4980787  1675431806   752144066  1675431806   752144066 "obj_dir/VAddMinusALU_32_037_case.tree"
T       189  4980788  1675431806   752144066  1675431806   752144066 "obj_dir/VAddMinusALU_32_038_task_call.dot"
T        89  4980789  1675431806   752144066  1675431806   752144066 "obj_dir/VAddMinusALU_32_039_task.tree"
T     20622  4980790  1675431806   752144066  1675431806   752144066 "obj_dir/VAddMinusALU_32_041_unroll.tree"
T        89  4980791  1675431806   752144066  1675431806   752144066 "obj_dir/VAddMinusALU_32_042_slice.tree"
T        89  4980792  1675431806   752144066  1675431806   752144066 "obj_dir/VAddMinusALU_32_043_const.tree"
T        89  4980793  1675431806   752144066  1675431806   752144066 "obj_dir/VAddMinusALU_32_044_life.tree"
T        89  4980794  1675431806   756144066  1675431806   756144066 "obj_dir/VAddMinusALU_32_045_table.tree"
T        89  4980795  1675431806   756144066  1675431806   756144066 "obj_dir/VAddMinusALU_32_046_const.tree"
T        89  4980796  1675431806   756144066  1675431806   756144066 "obj_dir/VAddMinusALU_32_047_deadDtypesScoped.tree"
T     21014  4980797  1675431806   756144066  1675431806   756144066 "obj_dir/VAddMinusALU_32_048_active.tree"
T        89  4980798  1675431806   756144066  1675431806   756144066 "obj_dir/VAddMinusALU_32_049_split.tree"
T        89  4980799  1675431806   756144066  1675431806   756144066 "obj_dir/VAddMinusALU_32_050_splitas.tree"
T     27640  4980800  1675431806   756144066  1675431806   756144066 "obj_dir/VAddMinusALU_32_051_tracedecl.tree"
T      6208  4980801  1675431806   756144066  1675431806   756144066 "obj_dir/VAddMinusALU_32_052_gate_simp.dot"
T      5693  4980802  1675431806   756144066  1675431806   756144066 "obj_dir/VAddMinusALU_32_053_gate_opt.dot"
T     21735  4980803  1675431806   756144066  1675431806   756144066 "obj_dir/VAddMinusALU_32_054_gate.tree"
T        89  4980804  1675431806   756144066  1675431806   756144066 "obj_dir/VAddMinusALU_32_055_const.tree"
T     19096  4980805  1675431806   756144066  1675431806   756144066 "obj_dir/VAddMinusALU_32_056_deadAllScoped.tree"
T        89  4980806  1675431806   756144066  1675431806   756144066 "obj_dir/VAddMinusALU_32_057_reorder.tree"
T        89  4980807  1675431806   756144066  1675431806   756144066 "obj_dir/VAddMinusALU_32_058_delayed.tree"
T     27869  4980808  1675431806   756144066  1675431806   756144066 "obj_dir/VAddMinusALU_32_059_activetop.tree"
T      6251  4980809  1675431806   756144066  1675431806   756144066 "obj_dir/VAddMinusALU_32_060_orderg_pre.dot"
T       143  4980810  1675431806   756144066  1675431806   756144066 "obj_dir/VAddMinusALU_32_061_acyc_simp.dot"
T      6252  4980811  1675431806   756144066  1675431806   756144066 "obj_dir/VAddMinusALU_32_062_orderg_acyc.dot"
T      6424  4980812  1675431806   756144066  1675431806   756144066 "obj_dir/VAddMinusALU_32_063_orderg_order.dot"
T      6425  4980813  1675431806   760144066  1675431806   760144066 "obj_dir/VAddMinusALU_32_064_orderg_domain.dot"
T      1017  4980814  1675431806   760144066  1675431806   760144066 "obj_dir/VAddMinusALU_32_065_order_edges.txt"
T      6423  4980815  1675431806   760144066  1675431806   760144066 "obj_dir/VAddMinusALU_32_066_orderg_done.dot"
T     28495  4980816  1675431806   760144066  1675431806   760144066 "obj_dir/VAddMinusALU_32_067_order.tree"
T        89  4980817  1675431806   760144066  1675431806   760144066 "obj_dir/VAddMinusALU_32_068_genclk.tree"
T     28113  4980818  1675431806   760144066  1675431806   760144066 "obj_dir/VAddMinusALU_32_069_clock.tree"
T        89  4980819  1675431806   760144066  1675431806   760144066 "obj_dir/VAddMinusALU_32_070_const.tree"
T        89  4980820  1675431806   760144066  1675431806   760144066 "obj_dir/VAddMinusALU_32_071_life.tree"
T        89  4980821  1675431806   760144066  1675431806   760144066 "obj_dir/VAddMinusALU_32_072_life_post.tree"
T        89  4980822  1675431806   760144066  1675431806   760144066 "obj_dir/VAddMinusALU_32_073_const.tree"
T        89  4980823  1675431806   760144066  1675431806   760144066 "obj_dir/VAddMinusALU_32_074_deadAllScoped.tree"
T     28484  4980824  1675431806   760144066  1675431806   760144066 "obj_dir/VAddMinusALU_32_075_changed.tree"
T     36156  4980825  1675431806   760144066  1675431806   760144066 "obj_dir/VAddMinusALU_32_076_trace.tree"
T     29083  4980826  1675431806   764144066  1675431806   764144066 "obj_dir/VAddMinusALU_32_078_descope.tree"
T     22178  4980827  1675431806   764144066  1675431806   764144066 "obj_dir/VAddMinusALU_32_079_combine.tree"
T     22019  4980828  1675431806   764144066  1675431806   764144066 "obj_dir/VAddMinusALU_32_080_const.tree"
T     21700  4980829  1675431806   764144066  1675431806   764144066 "obj_dir/VAddMinusALU_32_081_deadAll.tree"
T     24362  4980830  1675431806   764144066  1675431806   764144066 "obj_dir/VAddMinusALU_32_082_clean.tree"
T        89  4980831  1675431806   764144066  1675431806   764144066 "obj_dir/VAddMinusALU_32_083_premit.tree"
T     24089  4980832  1675431806   764144066  1675431806   764144066 "obj_dir/VAddMinusALU_32_084_expand.tree"
T     23170  4980833  1675431806   764144066  1675431806   764144066 "obj_dir/VAddMinusALU_32_085_const_cpp.tree"
T        89  4980834  1675431806   764144066  1675431806   764144066 "obj_dir/VAddMinusALU_32_086_subst.tree"
T        89  4980835  1675431806   764144066  1675431806   764144066 "obj_dir/VAddMinusALU_32_087_const_cpp.tree"
T     22092  4980836  1675431806   764144066  1675431806   764144066 "obj_dir/VAddMinusALU_32_088_deadAll.tree"
T     22772  4980837  1675431806   768144066  1675431806   768144066 "obj_dir/VAddMinusALU_32_092_cast.tree"
T     25671  4980838  1675431806   768144066  1675431806   768144066 "obj_dir/VAddMinusALU_32_093_cuse.tree"
T     26560  4980843  1675431806   768144066  1675431806   768144066 "obj_dir/VAddMinusALU_32_990_final.tree"
T       711  4980763  1675431806   736144066  1675431806   736144066 "obj_dir/VAddMinusALU_32_AddMinusALU_32.vpp"
T       825  4980752  1675431806   768144066  1675431806   768144066 "obj_dir/VAddMinusALU_32__Syms.cpp"
T      1178  4980753  1675431806   768144066  1675431806   768144066 "obj_dir/VAddMinusALU_32__Syms.h"
T      1939  4980840  1675431806   768144066  1675431806   768144066 "obj_dir/VAddMinusALU_32__Trace.cpp"
T      3984  4980839  1675431806   768144066  1675431806   768144066 "obj_dir/VAddMinusALU_32__Trace__Slow.cpp"
T      3224  4980758  1675431806   768144066  1675431806   768144066 "obj_dir/VAddMinusALU_32___024root.cpp"
T      1105  4980756  1675431806   768144066  1675431806   768144066 "obj_dir/VAddMinusALU_32___024root.h"
T      2457  4980757  1675431806   768144066  1675431806   768144066 "obj_dir/VAddMinusALU_32___024root__Slow.cpp"
T     26332  4980842  1675431806   768144066  1675431806   768144066 "obj_dir/VAddMinusALU_32__stats.txt"
T      3704  4980761  1675431806   768144066  1675431806   768144066 "obj_dir/VAddMinusALU_32__ver.d"
T         0        0  1675431806   772144066  1675431806   772144066 "obj_dir/VAddMinusALU_32__verFiles.dat"
T      1740  4980759  1675431806   768144066  1675431806   768144066 "obj_dir/VAddMinusALU_32_classes.mk"
