# DESCRIPTION: Verilator output: Timestamp data for --skip-identical.  Delete at will.
C "--cc --exe --build --trace --debug encode_2to1_for_sim.cpp encode_2to1_for.v"
S  96767328  5510302  1670255541   846965845  1670255541   846965845 "/usr/local/bin/verilator_bin_dbg"
S       431  9184432  1670509027   785207684  1670509027   785207684 "encode_2to1_for.v"
T      5266  9184516  1670509132   760092320  1670509132   760092320 "obj_dir/Vencode_2to1_for.cpp"
T      3063  9184515  1670509132   760092320  1670509132   760092320 "obj_dir/Vencode_2to1_for.h"
T      1928  9184528  1670509132   764092291  1670509132   764092291 "obj_dir/Vencode_2to1_for.mk"
T     36977  9184525  1670509132   764092291  1670509132   764092291 "obj_dir/Vencode_2to1_for.xml"
T      5396  9184445  1670509132   736092491  1670509132   736092491 "obj_dir/Vencode_2to1_for_001_cells.tree"
T      6422  9184446  1670509132   736092491  1670509132   736092491 "obj_dir/Vencode_2to1_for_006_linkjump.tree"
T        87  9184447  1670509132   736092491  1670509132   736092491 "obj_dir/Vencode_2to1_for_007_linkinc.tree"
T      6395  9184448  1670509132   736092491  1670509132   736092491 "obj_dir/Vencode_2to1_for_009_linkdotparam.tree"
T      8051  9184449  1670509132   736092491  1670509132   736092491 "obj_dir/Vencode_2to1_for_011_width.tree"
T      8018  9184450  1670509132   736092491  1670509132   736092491 "obj_dir/Vencode_2to1_for_013_const.tree"
T        87  9184451  1670509132   736092491  1670509132   736092491 "obj_dir/Vencode_2to1_for_014_assertpre.tree"
T        87  9184452  1670509132   736092491  1670509132   736092491 "obj_dir/Vencode_2to1_for_015_assert.tree"
T      9471  9184453  1670509132   736092491  1670509132   736092491 "obj_dir/Vencode_2to1_for_017_const.tree"
T      9074  9184454  1670509132   736092491  1670509132   736092491 "obj_dir/Vencode_2to1_for_022_begin.tree"
T        87  9184455  1670509132   736092491  1670509132   736092491 "obj_dir/Vencode_2to1_for_023_tristate.tree"
T      9289  9184456  1670509132   736092491  1670509132   736092491 "obj_dir/Vencode_2to1_for_024_unknown.tree"
T        87  9184457  1670509132   736092491  1670509132   736092491 "obj_dir/Vencode_2to1_for_025_dfg-extract.tree"
T      9385  9184458  1670509132   736092491  1670509132   736092491 "obj_dir/Vencode_2to1_for_026_dfg-optimize.tree"
T      9966  9184459  1670509132   740092462  1670509132   740092462 "obj_dir/Vencode_2to1_for_027_inline.tree"
T     10080  9184460  1670509132   740092462  1670509132   740092462 "obj_dir/Vencode_2to1_for_029_dfg-optimize.tree"
T      9782  9184461  1670509132   740092462  1670509132   740092462 "obj_dir/Vencode_2to1_for_030_const.tree"
T      8987  9184462  1670509132   740092462  1670509132   740092462 "obj_dir/Vencode_2to1_for_031_deadDtypes.tree"
T        87  9184463  1670509132   740092462  1670509132   740092462 "obj_dir/Vencode_2to1_for_032_inst.tree"
T        87  9184464  1670509132   740092462  1670509132   740092462 "obj_dir/Vencode_2to1_for_033_const.tree"
T     13133  9184465  1670509132   740092462  1670509132   740092462 "obj_dir/Vencode_2to1_for_034_scope.tree"
T     12993  9184466  1670509132   740092462  1670509132   740092462 "obj_dir/Vencode_2to1_for_035_linkdot.tree"
T        87  9184467  1670509132   740092462  1670509132   740092462 "obj_dir/Vencode_2to1_for_036_class.tree"
T        87  9184468  1670509132   740092462  1670509132   740092462 "obj_dir/Vencode_2to1_for_037_const.tree"
T        87  9184469  1670509132   740092462  1670509132   740092462 "obj_dir/Vencode_2to1_for_038_deadDtypesScoped.tree"
T        87  9184470  1670509132   740092462  1670509132   740092462 "obj_dir/Vencode_2to1_for_039_case.tree"
T        87  9184471  1670509132   740092462  1670509132   740092462 "obj_dir/Vencode_2to1_for_040_task.tree"
T     13482  9184472  1670509132   740092462  1670509132   740092462 "obj_dir/Vencode_2to1_for_042_unroll.tree"
T        89  9184473  1670509132   740092462  1670509132   740092462 "obj_dir/Vencode_2to1_for_043_slice.tree"
T     12072  9184474  1670509132   740092462  1670509132   740092462 "obj_dir/Vencode_2to1_for_044_const.tree"
T     11540  9184475  1670509132   740092462  1670509132   740092462 "obj_dir/Vencode_2to1_for_045_life.tree"
T     17996  9184476  1670509132   740092462  1670509132   740092462 "obj_dir/Vencode_2to1_for_046_table.tree"
T     17895  9184477  1670509132   740092462  1670509132   740092462 "obj_dir/Vencode_2to1_for_047_const.tree"
T     17257  9184478  1670509132   740092462  1670509132   740092462 "obj_dir/Vencode_2to1_for_048_deadDtypesScoped.tree"
T     16812  9184479  1670509132   744092434  1670509132   744092434 "obj_dir/Vencode_2to1_for_049_active.tree"
T        89  9184480  1670509132   744092434  1670509132   744092434 "obj_dir/Vencode_2to1_for_050_split.tree"
T        89  9184481  1670509132   744092434  1670509132   744092434 "obj_dir/Vencode_2to1_for_051_splitas.tree"
T     20345  9184482  1670509132   744092434  1670509132   744092434 "obj_dir/Vencode_2to1_for_052_tracedecl.tree"
T     18047  9184483  1670509132   744092434  1670509132   744092434 "obj_dir/Vencode_2to1_for_053_gate.tree"
T        89  9184484  1670509132   744092434  1670509132   744092434 "obj_dir/Vencode_2to1_for_054_const.tree"
T     16999  9184485  1670509132   744092434  1670509132   744092434 "obj_dir/Vencode_2to1_for_055_deadAllScoped.tree"
T        89  9184486  1670509132   744092434  1670509132   744092434 "obj_dir/Vencode_2to1_for_056_reorder.tree"
T        89  9184487  1670509132   744092434  1670509132   744092434 "obj_dir/Vencode_2to1_for_057_delayed.tree"
T     16991  9184488  1670509132   744092434  1670509132   744092434 "obj_dir/Vencode_2to1_for_058_activetop.tree"
T     61469  9184489  1670509132   744092434  1670509132   744092434 "obj_dir/Vencode_2to1_for_059_sched.tree"
T     58805  9184490  1670509132   748092406  1670509132   748092406 "obj_dir/Vencode_2to1_for_060_clock.tree"
T     59170  9184491  1670509132   748092406  1670509132   748092406 "obj_dir/Vencode_2to1_for_061_const.tree"
T        89  9184492  1670509132   748092406  1670509132   748092406 "obj_dir/Vencode_2to1_for_062_life.tree"
T        89  9184493  1670509132   748092406  1670509132   748092406 "obj_dir/Vencode_2to1_for_063_life_post.tree"
T     59859  9184494  1670509132   748092406  1670509132   748092406 "obj_dir/Vencode_2to1_for_064_const.tree"
T        89  9184495  1670509132   748092406  1670509132   748092406 "obj_dir/Vencode_2to1_for_065_deadAllScoped.tree"
T     66736  9184496  1670509132   748092406  1670509132   748092406 "obj_dir/Vencode_2to1_for_066_trace.tree"
T     51468  9184497  1670509132   752092377  1670509132   752092377 "obj_dir/Vencode_2to1_for_068_descope.tree"
T     48279  9184498  1670509132   752092377  1670509132   752092377 "obj_dir/Vencode_2to1_for_069_combine.tree"
T     48137  9184499  1670509132   752092377  1670509132   752092377 "obj_dir/Vencode_2to1_for_070_const.tree"
T     47240  9184500  1670509132   752092377  1670509132   752092377 "obj_dir/Vencode_2to1_for_071_deadAll.tree"
T     49196  9184501  1670509132   752092377  1670509132   752092377 "obj_dir/Vencode_2to1_for_072_clean.tree"
T     51452  9184502  1670509132   756092348  1670509132   756092348 "obj_dir/Vencode_2to1_for_073_premit.tree"
T     51589  9184503  1670509132   756092348  1670509132   756092348 "obj_dir/Vencode_2to1_for_074_expand.tree"
T        89  9184504  1670509132   756092348  1670509132   756092348 "obj_dir/Vencode_2to1_for_075_const_cpp.tree"
T     49641  9184505  1670509132   756092348  1670509132   756092348 "obj_dir/Vencode_2to1_for_076_subst.tree"
T        89  9184506  1670509132   756092348  1670509132   756092348 "obj_dir/Vencode_2to1_for_077_const_cpp.tree"
T     49008  9184507  1670509132   756092348  1670509132   756092348 "obj_dir/Vencode_2to1_for_078_deadAll.tree"
T     49932  9184508  1670509132   760092320  1670509132   760092320 "obj_dir/Vencode_2to1_for_082_cast.tree"
T     53265  9184509  1670509132   760092320  1670509132   760092320 "obj_dir/Vencode_2to1_for_083_common.tree"
T     53328  9184510  1670509132   760092320  1670509132   760092320 "obj_dir/Vencode_2to1_for_084_variableorder.tree"
T        89  9184511  1670509132   760092320  1670509132   760092320 "obj_dir/Vencode_2to1_for_085_cuse.tree"
T     54818  9184529  1670509132   764092291  1670509132   764092291 "obj_dir/Vencode_2to1_for_990_final.tree"
T       624  9184514  1670509132   760092320  1670509132   760092320 "obj_dir/Vencode_2to1_for__ConstPool_0.cpp"
T       834  9184512  1670509132   760092320  1670509132   760092320 "obj_dir/Vencode_2to1_for__Syms.cpp"
T      1181  9184513  1670509132   760092320  1670509132   760092320 "obj_dir/Vencode_2to1_for__Syms.h"
T      1982  9184524  1670509132   760092320  1670509132   760092320 "obj_dir/Vencode_2to1_for__Trace__0.cpp"
T      3556  9184523  1670509132   760092320  1670509132   760092320 "obj_dir/Vencode_2to1_for__Trace__0__Slow.cpp"
T      1169  9184517  1670509132   760092320  1670509132   760092320 "obj_dir/Vencode_2to1_for___024root.h"
T      1561  9184521  1670509132   760092320  1670509132   760092320 "obj_dir/Vencode_2to1_for___024root__DepSet_hba76c326__0.cpp"
T       953  9184519  1670509132   760092320  1670509132   760092320 "obj_dir/Vencode_2to1_for___024root__DepSet_hba76c326__0__Slow.cpp"
T      6191  9184522  1670509132   760092320  1670509132   760092320 "obj_dir/Vencode_2to1_for___024root__DepSet_hcb3f52a7__0.cpp"
T      6087  9184520  1670509132   760092320  1670509132   760092320 "obj_dir/Vencode_2to1_for___024root__DepSet_hcb3f52a7__0__Slow.cpp"
T       752  9184518  1670509132   760092320  1670509132   760092320 "obj_dir/Vencode_2to1_for___024root__Slow.cpp"
T     58092  9184526  1670509132   764092291  1670509132   764092291 "obj_dir/Vencode_2to1_for__stats.txt"
T      3727  9184530  1670509132   764092291  1670509132   764092291 "obj_dir/Vencode_2to1_for__ver.d"
T         0        0  1670509132   764092291  1670509132   764092291 "obj_dir/Vencode_2to1_for__verFiles.dat"
T      1835  9184527  1670509132   764092291  1670509132   764092291 "obj_dir/Vencode_2to1_for_classes.mk"
T       521  9184444  1670509132   732092520  1670509132   732092520 "obj_dir/Vencode_2to1_for_encode_2to1_for.v.vpp"
