# DESCRIPTION: Verilator output: Timestamp data for --skip-identical.  Delete at will.
C "--cc --exe --build --trace --debug SubCounter4bit_sim.cpp SubCounter4bit.v"
S  75996664  1184901  1673012804   619448687  1673012804   619448687 "/usr/local/bin/verilator_bin_dbg"
S       213 10621303  1673151302   293874026  1673151302   293874026 "SubCounter4bit.v"
T      5593 10621393  1673151348   743690894  1673151348   743690894 "obj_dir/VSubCounter4bit.cpp"
T      2807 10621392  1673151348   743690894  1673151348   743690894 "obj_dir/VSubCounter4bit.h"
T      1919 10621402  1673151348   743690894  1673151348   743690894 "obj_dir/VSubCounter4bit.mk"
T     11060 10621399  1673151348   743690894  1673151348   743690894 "obj_dir/VSubCounter4bit.xml"
T       143 10621315  1673151348   731690425  1673151348   731690425 "obj_dir/VSubCounter4bit_001_linkcells.dot"
T      2949 10621316  1673151348   731690425  1673151348   731690425 "obj_dir/VSubCounter4bit_002_cells.tree"
T      3103 10621317  1673151348   731690425  1673151348   731690425 "obj_dir/VSubCounter4bit_007_link.tree"
T        87 10621318  1673151348   731690425  1673151348   731690425 "obj_dir/VSubCounter4bit_008_linkInc.tree"
T        87 10621319  1673151348   731690425  1673151348   731690425 "obj_dir/VSubCounter4bit_010_paramlink.tree"
T      4576 10621320  1673151348   731690425  1673151348   731690425 "obj_dir/VSubCounter4bit_012_width.tree"
T      4134 10621321  1673151348   731690425  1673151348   731690425 "obj_dir/VSubCounter4bit_014_const.tree"
T        87 10621322  1673151348   731690425  1673151348   731690425 "obj_dir/VSubCounter4bit_015_assertpre.tree"
T        87 10621323  1673151348   731690425  1673151348   731690425 "obj_dir/VSubCounter4bit_016_assert.tree"
T      5045 10621324  1673151348   731690425  1673151348   731690425 "obj_dir/VSubCounter4bit_018_const.tree"
T      4962 10621325  1673151348   735690582  1673151348   735690582 "obj_dir/VSubCounter4bit_023_begin.tree"
T        87 10621326  1673151348   735690582  1673151348   735690582 "obj_dir/VSubCounter4bit_024_tristate.tree"
T        87 10621327  1673151348   735690582  1673151348   735690582 "obj_dir/VSubCounter4bit_025_unknown.tree"
T      5329 10621328  1673151348   735690582  1673151348   735690582 "obj_dir/VSubCounter4bit_026_inline.tree"
T        87 10621329  1673151348   735690582  1673151348   735690582 "obj_dir/VSubCounter4bit_028_const.tree"
T      4205 10621330  1673151348   735690582  1673151348   735690582 "obj_dir/VSubCounter4bit_029_deadDtypes.tree"
T        87 10621331  1673151348   735690582  1673151348   735690582 "obj_dir/VSubCounter4bit_030_inst.tree"
T        87 10621332  1673151348   735690582  1673151348   735690582 "obj_dir/VSubCounter4bit_031_const.tree"
T      6499 10621333  1673151348   735690582  1673151348   735690582 "obj_dir/VSubCounter4bit_032_scope.tree"
T      6371 10621334  1673151348   735690582  1673151348   735690582 "obj_dir/VSubCounter4bit_033_linkdot.tree"
T        87 10621335  1673151348   735690582  1673151348   735690582 "obj_dir/VSubCounter4bit_034_class.tree"
T        87 10621336  1673151348   735690582  1673151348   735690582 "obj_dir/VSubCounter4bit_035_const.tree"
T        87 10621337  1673151348   735690582  1673151348   735690582 "obj_dir/VSubCounter4bit_036_deadDtypesScoped.tree"
T        87 10621338  1673151348   735690582  1673151348   735690582 "obj_dir/VSubCounter4bit_037_case.tree"
T       189 10621339  1673151348   735690582  1673151348   735690582 "obj_dir/VSubCounter4bit_038_task_call.dot"
T        87 10621340  1673151348   735690582  1673151348   735690582 "obj_dir/VSubCounter4bit_039_task.tree"
T      6429 10621341  1673151348   735690582  1673151348   735690582 "obj_dir/VSubCounter4bit_041_unroll.tree"
T        87 10621342  1673151348   735690582  1673151348   735690582 "obj_dir/VSubCounter4bit_042_slice.tree"
T        87 10621343  1673151348   735690582  1673151348   735690582 "obj_dir/VSubCounter4bit_043_const.tree"
T        87 10621344  1673151348   735690582  1673151348   735690582 "obj_dir/VSubCounter4bit_044_life.tree"
T        87 10621345  1673151348   735690582  1673151348   735690582 "obj_dir/VSubCounter4bit_045_table.tree"
T        87 10621346  1673151348   735690582  1673151348   735690582 "obj_dir/VSubCounter4bit_046_const.tree"
T        87 10621347  1673151348   735690582  1673151348   735690582 "obj_dir/VSubCounter4bit_047_deadDtypesScoped.tree"
T      6804 10621348  1673151348   735690582  1673151348   735690582 "obj_dir/VSubCounter4bit_048_active.tree"
T        87 10621349  1673151348   735690582  1673151348   735690582 "obj_dir/VSubCounter4bit_049_split.tree"
T        87 10621350  1673151348   735690582  1673151348   735690582 "obj_dir/VSubCounter4bit_050_splitas.tree"
T      9372 10621351  1673151348   735690582  1673151348   735690582 "obj_dir/VSubCounter4bit_051_tracedecl.tree"
T      2356 10621352  1673151348   735690582  1673151348   735690582 "obj_dir/VSubCounter4bit_052_gate_simp.dot"
T      2185 10621353  1673151348   735690582  1673151348   735690582 "obj_dir/VSubCounter4bit_053_gate_opt.dot"
T      7234 10621354  1673151348   735690582  1673151348   735690582 "obj_dir/VSubCounter4bit_054_gate.tree"
T        87 10621355  1673151348   735690582  1673151348   735690582 "obj_dir/VSubCounter4bit_055_const.tree"
T      6262 10621356  1673151348   735690582  1673151348   735690582 "obj_dir/VSubCounter4bit_056_deadAllScoped.tree"
T        87 10621357  1673151348   735690582  1673151348   735690582 "obj_dir/VSubCounter4bit_057_reorder.tree"
T      7907 10621358  1673151348   735690582  1673151348   735690582 "obj_dir/VSubCounter4bit_058_delayed.tree"
T      8084 10621359  1673151348   735690582  1673151348   735690582 "obj_dir/VSubCounter4bit_059_activetop.tree"
T      2978 10621360  1673151348   735690582  1673151348   735690582 "obj_dir/VSubCounter4bit_060_orderg_pre.dot"
T       278 10621361  1673151348   735690582  1673151348   735690582 "obj_dir/VSubCounter4bit_061_acyc_simp.dot"
T      2901 10621362  1673151348   735690582  1673151348   735690582 "obj_dir/VSubCounter4bit_062_orderg_acyc.dot"
T      2996 10621363  1673151348   739690737  1673151348   739690737 "obj_dir/VSubCounter4bit_063_orderg_order.dot"
T      2997 10621364  1673151348   739690737  1673151348   739690737 "obj_dir/VSubCounter4bit_064_orderg_domain.dot"
T       740 10621365  1673151348   739690737  1673151348   739690737 "obj_dir/VSubCounter4bit_065_order_edges.txt"
T      2995 10621366  1673151348   739690737  1673151348   739690737 "obj_dir/VSubCounter4bit_066_orderg_done.dot"
T      8319 10621367  1673151348   739690737  1673151348   739690737 "obj_dir/VSubCounter4bit_067_order.tree"
T        87 10621368  1673151348   739690737  1673151348   739690737 "obj_dir/VSubCounter4bit_068_genclk.tree"
T      9863 10621369  1673151348   739690737  1673151348   739690737 "obj_dir/VSubCounter4bit_069_clock.tree"
T        87 10621370  1673151348   739690737  1673151348   739690737 "obj_dir/VSubCounter4bit_070_const.tree"
T        87 10621371  1673151348   739690737  1673151348   739690737 "obj_dir/VSubCounter4bit_071_life.tree"
T      9211 10621372  1673151348   739690737  1673151348   739690737 "obj_dir/VSubCounter4bit_072_life_post.tree"
T      8587 10621373  1673151348   739690737  1673151348   739690737 "obj_dir/VSubCounter4bit_073_const.tree"
T      8310 10621374  1673151348   739690737  1673151348   739690737 "obj_dir/VSubCounter4bit_074_deadAllScoped.tree"
T      8681 10621375  1673151348   739690737  1673151348   739690737 "obj_dir/VSubCounter4bit_075_changed.tree"
T     14804 10621376  1673151348   739690737  1673151348   739690737 "obj_dir/VSubCounter4bit_076_trace.tree"
T     12241 10621377  1673151348   739690737  1673151348   739690737 "obj_dir/VSubCounter4bit_078_descope.tree"
T        89 10621378  1673151348   739690737  1673151348   739690737 "obj_dir/VSubCounter4bit_079_combine.tree"
T     12084 10621379  1673151348   739690737  1673151348   739690737 "obj_dir/VSubCounter4bit_080_const.tree"
T     11768 10621380  1673151348   739690737  1673151348   739690737 "obj_dir/VSubCounter4bit_081_deadAll.tree"
T     12797 10621381  1673151348   739690737  1673151348   739690737 "obj_dir/VSubCounter4bit_082_clean.tree"
T     13305 10621382  1673151348   739690737  1673151348   739690737 "obj_dir/VSubCounter4bit_083_premit.tree"
T        89 10621383  1673151348   739690737  1673151348   739690737 "obj_dir/VSubCounter4bit_084_expand.tree"
T     13302 10621384  1673151348   739690737  1673151348   739690737 "obj_dir/VSubCounter4bit_085_const_cpp.tree"
T     12856 10621385  1673151348   743690894  1673151348   743690894 "obj_dir/VSubCounter4bit_086_subst.tree"
T        89 10621386  1673151348   743690894  1673151348   743690894 "obj_dir/VSubCounter4bit_087_const_cpp.tree"
T     12680 10621387  1673151348   743690894  1673151348   743690894 "obj_dir/VSubCounter4bit_088_deadAll.tree"
T     13140 10621388  1673151348   743690894  1673151348   743690894 "obj_dir/VSubCounter4bit_092_cast.tree"
T     15329 10621389  1673151348   743690894  1673151348   743690894 "obj_dir/VSubCounter4bit_093_cuse.tree"
T     16222 10621403  1673151348   743690894  1673151348   743690894 "obj_dir/VSubCounter4bit_990_final.tree"
T       360 10621314  1673151348   731690425  1673151348   731690425 "obj_dir/VSubCounter4bit_SubCounter4bit.vpp"
T       825 10621390  1673151348   743690894  1673151348   743690894 "obj_dir/VSubCounter4bit__Syms.cpp"
T      1178 10621391  1673151348   743690894  1673151348   743690894 "obj_dir/VSubCounter4bit__Syms.h"
T      1657 10621395  1673151348   743690894  1673151348   743690894 "obj_dir/VSubCounter4bit__Trace.cpp"
T      3090 10621394  1673151348   743690894  1673151348   743690894 "obj_dir/VSubCounter4bit__Trace__Slow.cpp"
T      2742 10621398  1673151348   743690894  1673151348   743690894 "obj_dir/VSubCounter4bit___024root.cpp"
T      1000 10621396  1673151348   743690894  1673151348   743690894 "obj_dir/VSubCounter4bit___024root.h"
T      2136 10621397  1673151348   743690894  1673151348   743690894 "obj_dir/VSubCounter4bit___024root__Slow.cpp"
T     23921 10621400  1673151348   743690894  1673151348   743690894 "obj_dir/VSubCounter4bit__stats.txt"
T      3704 10621404  1673151348   743690894  1673151348   743690894 "obj_dir/VSubCounter4bit__ver.d"
T         0        0  1673151348   743690894  1673151348   743690894 "obj_dir/VSubCounter4bit__verFiles.dat"
T      1740 10621401  1673151348   743690894  1673151348   743690894 "obj_dir/VSubCounter4bit_classes.mk"
