# DESCRIPTION: Verilator output: Timestamp data for --skip-identical.  Delete at will.
C "--cc --exe --build --trace --debug register1_sim.cpp register1.v"
S  75996664  1184901  1673012804   619448687  1673012804   619448687 "/usr/local/bin/verilator_bin_dbg"
T      5395 10622521  1673164710   217518961  1673164710   217518961 "obj_dir/Vregister1.cpp"
T      2789 10622520  1673164710   217518961  1673164710   217518961 "obj_dir/Vregister1.h"
T      1874 10622530  1673164710   217518961  1673164710   217518961 "obj_dir/Vregister1.mk"
T     12649 10622527  1673164710   217518961  1673164710   217518961 "obj_dir/Vregister1.xml"
T       138 10622443  1673164710   201517320  1673164710   201517320 "obj_dir/Vregister1_001_linkcells.dot"
T      3263 10622444  1673164710   201517320  1673164710   201517320 "obj_dir/Vregister1_002_cells.tree"
T      3401 10622445  1673164710   201517320  1673164710   201517320 "obj_dir/Vregister1_007_link.tree"
T        87 10622446  1673164710   201517320  1673164710   201517320 "obj_dir/Vregister1_008_linkInc.tree"
T        87 10622447  1673164710   201517320  1673164710   201517320 "obj_dir/Vregister1_010_paramlink.tree"
T      4374 10622448  1673164710   205517730  1673164710   205517730 "obj_dir/Vregister1_012_width.tree"
T      4205 10622449  1673164710   205517730  1673164710   205517730 "obj_dir/Vregister1_014_const.tree"
T        87 10622450  1673164710   205517730  1673164710   205517730 "obj_dir/Vregister1_015_assertpre.tree"
T        87 10622451  1673164710   205517730  1673164710   205517730 "obj_dir/Vregister1_016_assert.tree"
T      6357 10622452  1673164710   205517730  1673164710   205517730 "obj_dir/Vregister1_018_const.tree"
T        87 10622453  1673164710   205517730  1673164710   205517730 "obj_dir/Vregister1_023_begin.tree"
T        87 10622454  1673164710   205517730  1673164710   205517730 "obj_dir/Vregister1_024_tristate.tree"
T        87 10622455  1673164710   205517730  1673164710   205517730 "obj_dir/Vregister1_025_unknown.tree"
T      6952 10622456  1673164710   205517730  1673164710   205517730 "obj_dir/Vregister1_026_inline.tree"
T      6617 10622457  1673164710   205517730  1673164710   205517730 "obj_dir/Vregister1_028_const.tree"
T      5529 10622458  1673164710   205517730  1673164710   205517730 "obj_dir/Vregister1_029_deadDtypes.tree"
T        87 10622459  1673164710   205517730  1673164710   205517730 "obj_dir/Vregister1_030_inst.tree"
T        87 10622460  1673164710   205517730  1673164710   205517730 "obj_dir/Vregister1_031_const.tree"
T      9072 10622461  1673164710   205517730  1673164710   205517730 "obj_dir/Vregister1_032_scope.tree"
T      8942 10622462  1673164710   205517730  1673164710   205517730 "obj_dir/Vregister1_033_linkdot.tree"
T        87 10622463  1673164710   205517730  1673164710   205517730 "obj_dir/Vregister1_034_class.tree"
T        87 10622464  1673164710   205517730  1673164710   205517730 "obj_dir/Vregister1_035_const.tree"
T        87 10622465  1673164710   205517730  1673164710   205517730 "obj_dir/Vregister1_036_deadDtypesScoped.tree"
T        87 10622466  1673164710   209518140  1673164710   209518140 "obj_dir/Vregister1_037_case.tree"
T       184 10622467  1673164710   209518140  1673164710   209518140 "obj_dir/Vregister1_038_task_call.dot"
T        87 10622468  1673164710   209518140  1673164710   209518140 "obj_dir/Vregister1_039_task.tree"
T      9017 10622469  1673164710   209518140  1673164710   209518140 "obj_dir/Vregister1_041_unroll.tree"
T        87 10622470  1673164710   209518140  1673164710   209518140 "obj_dir/Vregister1_042_slice.tree"
T        87 10622471  1673164710   209518140  1673164710   209518140 "obj_dir/Vregister1_043_const.tree"
T        87 10622472  1673164710   209518140  1673164710   209518140 "obj_dir/Vregister1_044_life.tree"
T        87 10622473  1673164710   209518140  1673164710   209518140 "obj_dir/Vregister1_045_table.tree"
T        87 10622474  1673164710   209518140  1673164710   209518140 "obj_dir/Vregister1_046_const.tree"
T        87 10622475  1673164710   209518140  1673164710   209518140 "obj_dir/Vregister1_047_deadDtypesScoped.tree"
T      9410 10622476  1673164710   209518140  1673164710   209518140 "obj_dir/Vregister1_048_active.tree"
T     10469 10622477  1673164710   209518140  1673164710   209518140 "obj_dir/Vregister1_049_split.tree"
T        87 10622478  1673164710   209518140  1673164710   209518140 "obj_dir/Vregister1_050_splitas.tree"
T     14445 10622479  1673164710   209518140  1673164710   209518140 "obj_dir/Vregister1_051_tracedecl.tree"
T      3826 10622480  1673164710   209518140  1673164710   209518140 "obj_dir/Vregister1_052_gate_simp.dot"
T      3547 10622481  1673164710   209518140  1673164710   209518140 "obj_dir/Vregister1_053_gate_opt.dot"
T      9998 10622482  1673164710   209518140  1673164710   209518140 "obj_dir/Vregister1_054_gate.tree"
T        87 10622483  1673164710   209518140  1673164710   209518140 "obj_dir/Vregister1_055_const.tree"
T      8461 10622484  1673164710   209518140  1673164710   209518140 "obj_dir/Vregister1_056_deadAllScoped.tree"
T        87 10622485  1673164710   209518140  1673164710   209518140 "obj_dir/Vregister1_057_reorder.tree"
T     10051 10622486  1673164710   209518140  1673164710   209518140 "obj_dir/Vregister1_058_delayed.tree"
T     10225 10622487  1673164710   209518140  1673164710   209518140 "obj_dir/Vregister1_059_activetop.tree"
T      3788 10622488  1673164710   209518140  1673164710   209518140 "obj_dir/Vregister1_060_orderg_pre.dot"
T       138 10622489  1673164710   209518140  1673164710   209518140 "obj_dir/Vregister1_061_acyc_simp.dot"
T      3789 10622490  1673164710   209518140  1673164710   209518140 "obj_dir/Vregister1_062_orderg_acyc.dot"
T      3928 10622491  1673164710   209518140  1673164710   209518140 "obj_dir/Vregister1_063_orderg_order.dot"
T      3929 10622492  1673164710   209518140  1673164710   209518140 "obj_dir/Vregister1_064_orderg_domain.dot"
T      1172 10622493  1673164710   209518140  1673164710   209518140 "obj_dir/Vregister1_065_order_edges.txt"
T      3927 10622494  1673164710   209518140  1673164710   209518140 "obj_dir/Vregister1_066_orderg_done.dot"
T     10456 10622495  1673164710   209518140  1673164710   209518140 "obj_dir/Vregister1_067_order.tree"
T        87 10622496  1673164710   209518140  1673164710   209518140 "obj_dir/Vregister1_068_genclk.tree"
T     12000 10622497  1673164710   213518551  1673164710   213518551 "obj_dir/Vregister1_069_clock.tree"
T        87 10622498  1673164710   213518551  1673164710   213518551 "obj_dir/Vregister1_070_const.tree"
T        87 10622499  1673164710   213518551  1673164710   213518551 "obj_dir/Vregister1_071_life.tree"
T     11371 10622500  1673164710   213518551  1673164710   213518551 "obj_dir/Vregister1_072_life_post.tree"
T     10771 10622501  1673164710   213518551  1673164710   213518551 "obj_dir/Vregister1_073_const.tree"
T     10507 10622502  1673164710   213518551  1673164710   213518551 "obj_dir/Vregister1_074_deadAllScoped.tree"
T     10884 10622503  1673164710   213518551  1673164710   213518551 "obj_dir/Vregister1_075_changed.tree"
T     17648 10622504  1673164710   213518551  1673164710   213518551 "obj_dir/Vregister1_076_trace.tree"
T     14213 10622505  1673164710   213518551  1673164710   213518551 "obj_dir/Vregister1_078_descope.tree"
T        89 10622506  1673164710   213518551  1673164710   213518551 "obj_dir/Vregister1_079_combine.tree"
T     14044 10622507  1673164710   213518551  1673164710   213518551 "obj_dir/Vregister1_080_const.tree"
T     13725 10622508  1673164710   213518551  1673164710   213518551 "obj_dir/Vregister1_081_deadAll.tree"
T     14370 10622509  1673164710   213518551  1673164710   213518551 "obj_dir/Vregister1_082_clean.tree"
T        89 10622510  1673164710   213518551  1673164710   213518551 "obj_dir/Vregister1_083_premit.tree"
T        89 10622511  1673164710   213518551  1673164710   213518551 "obj_dir/Vregister1_084_expand.tree"
T        89 10622512  1673164710   213518551  1673164710   213518551 "obj_dir/Vregister1_085_const_cpp.tree"
T        89 10622513  1673164710   213518551  1673164710   213518551 "obj_dir/Vregister1_086_subst.tree"
T        89 10622514  1673164710   213518551  1673164710   213518551 "obj_dir/Vregister1_087_const_cpp.tree"
T     14254 10622515  1673164710   213518551  1673164710   213518551 "obj_dir/Vregister1_088_deadAll.tree"
T     14435 10622516  1673164710   217518961  1673164710   217518961 "obj_dir/Vregister1_092_cast.tree"
T     18156 10622517  1673164710   217518961  1673164710   217518961 "obj_dir/Vregister1_093_cuse.tree"
T     18960 10622531  1673164710   217518961  1673164710   217518961 "obj_dir/Vregister1_990_final.tree"
T       785 10622518  1673164710   217518961  1673164710   217518961 "obj_dir/Vregister1__Syms.cpp"
T      1133 10622519  1673164710   217518961  1673164710   217518961 "obj_dir/Vregister1__Syms.h"
T      1668 10622523  1673164710   217518961  1673164710   217518961 "obj_dir/Vregister1__Trace.cpp"
T      3208 10622522  1673164710   217518961  1673164710   217518961 "obj_dir/Vregister1__Trace__Slow.cpp"
T      2695 10622526  1673164710   217518961  1673164710   217518961 "obj_dir/Vregister1___024root.cpp"
T       985 10622524  1673164710   217518961  1673164710   217518961 "obj_dir/Vregister1___024root.h"
T      2070 10622525  1673164710   217518961  1673164710   217518961 "obj_dir/Vregister1___024root__Slow.cpp"
T     22725 10622528  1673164710   217518961  1673164710   217518961 "obj_dir/Vregister1__stats.txt"
T      3239 10622532  1673164710   217518961  1673164710   217518961 "obj_dir/Vregister1__ver.d"
T         0        0  1673164710   217518961  1673164710   217518961 "obj_dir/Vregister1__verFiles.dat"
T      1705 10622529  1673164710   217518961  1673164710   217518961 "obj_dir/Vregister1_classes.mk"
T       283 10622442  1673164710   201517320  1673164710   201517320 "obj_dir/Vregister1_register1.vpp"
S       181  9842368  1673163189   741465399  1673163189   741465399 "register1.v"
