# DESCRIPTION: Verilator output: Timestamp data for --skip-identical.  Delete at will.
C "--cc --exe --build --trace --debug register16_sim.cpp register16.v"
S  75996664  1184901  1673012804   619448687  1673012804   619448687 "/usr/local/bin/verilator_bin_dbg"
T      5445 10623286  1673181413   434681497  1673181413   434681497 "obj_dir/Vregister16.cpp"
T      2805 10623285  1673181413   434681497  1673181413   434681497 "obj_dir/Vregister16.h"
T      1883 10623295  1673181413   438681828  1673181413   438681828 "obj_dir/Vregister16.mk"
T     12464 10623292  1673181413   438681828  1673181413   438681828 "obj_dir/Vregister16.xml"
T       139 10623118  1673181413   418680172  1673181413   418680172 "obj_dir/Vregister16_001_linkcells.dot"
T      4306 10623119  1673181413   422680503  1673181413   422680503 "obj_dir/Vregister16_002_cells.tree"
T      4428 10623120  1673181413   422680503  1673181413   422680503 "obj_dir/Vregister16_007_link.tree"
T        87 10623121  1673181413   422680503  1673181413   422680503 "obj_dir/Vregister16_008_linkInc.tree"
T        87 10623122  1673181413   422680503  1673181413   422680503 "obj_dir/Vregister16_010_paramlink.tree"
T      5112 10623123  1673181413   422680503  1673181413   422680503 "obj_dir/Vregister16_012_width.tree"
T      4663 10623124  1673181413   422680503  1673181413   422680503 "obj_dir/Vregister16_014_const.tree"
T        87 10623125  1673181413   422680503  1673181413   422680503 "obj_dir/Vregister16_015_assertpre.tree"
T        87 10623126  1673181413   422680503  1673181413   422680503 "obj_dir/Vregister16_016_assert.tree"
T      6824 10623127  1673181413   422680503  1673181413   422680503 "obj_dir/Vregister16_018_const.tree"
T        87 10623204  1673181413   422680503  1673181413   422680503 "obj_dir/Vregister16_023_begin.tree"
T        87 10623205  1673181413   422680503  1673181413   422680503 "obj_dir/Vregister16_024_tristate.tree"
T        87 10623206  1673181413   422680503  1673181413   422680503 "obj_dir/Vregister16_025_unknown.tree"
T      7432 10623207  1673181413   422680503  1673181413   422680503 "obj_dir/Vregister16_026_inline.tree"
T      7095 10623208  1673181413   426680834  1673181413   426680834 "obj_dir/Vregister16_028_const.tree"
T      5794 10623209  1673181413   426680834  1673181413   426680834 "obj_dir/Vregister16_029_deadDtypes.tree"
T        87 10623224  1673181413   426680834  1673181413   426680834 "obj_dir/Vregister16_030_inst.tree"
T        87 10623225  1673181413   426680834  1673181413   426680834 "obj_dir/Vregister16_031_const.tree"
T      9366 10623226  1673181413   426680834  1673181413   426680834 "obj_dir/Vregister16_032_scope.tree"
T      9234 10623227  1673181413   426680834  1673181413   426680834 "obj_dir/Vregister16_033_linkdot.tree"
T        87 10623228  1673181413   426680834  1673181413   426680834 "obj_dir/Vregister16_034_class.tree"
T        87 10623229  1673181413   426680834  1673181413   426680834 "obj_dir/Vregister16_035_const.tree"
T        87 10623230  1673181413   426680834  1673181413   426680834 "obj_dir/Vregister16_036_deadDtypesScoped.tree"
T        87 10623231  1673181413   426680834  1673181413   426680834 "obj_dir/Vregister16_037_case.tree"
T       185 10623232  1673181413   426680834  1673181413   426680834 "obj_dir/Vregister16_038_task_call.dot"
T        87 10623233  1673181413   426680834  1673181413   426680834 "obj_dir/Vregister16_039_task.tree"
T      9314 10623234  1673181413   426680834  1673181413   426680834 "obj_dir/Vregister16_041_unroll.tree"
T        87 10623235  1673181413   426680834  1673181413   426680834 "obj_dir/Vregister16_042_slice.tree"
T        87 10623236  1673181413   426680834  1673181413   426680834 "obj_dir/Vregister16_043_const.tree"
T        87 10623237  1673181413   426680834  1673181413   426680834 "obj_dir/Vregister16_044_life.tree"
T        87 10623238  1673181413   426680834  1673181413   426680834 "obj_dir/Vregister16_045_table.tree"
T        87 10623239  1673181413   426680834  1673181413   426680834 "obj_dir/Vregister16_046_const.tree"
T        87 10623240  1673181413   426680834  1673181413   426680834 "obj_dir/Vregister16_047_deadDtypesScoped.tree"
T      9708 10623241  1673181413   426680834  1673181413   426680834 "obj_dir/Vregister16_048_active.tree"
T     10765 10623242  1673181413   426680834  1673181413   426680834 "obj_dir/Vregister16_049_split.tree"
T        87 10623243  1673181413   426680834  1673181413   426680834 "obj_dir/Vregister16_050_splitas.tree"
T     14777 10623244  1673181413   426680834  1673181413   426680834 "obj_dir/Vregister16_051_tracedecl.tree"
T      3832 10623245  1673181413   426680834  1673181413   426680834 "obj_dir/Vregister16_052_gate_simp.dot"
T      3553 10623246  1673181413   426680834  1673181413   426680834 "obj_dir/Vregister16_053_gate_opt.dot"
T     10286 10623247  1673181413   430681166  1673181413   430681166 "obj_dir/Vregister16_054_gate.tree"
T        87 10623248  1673181413   430681166  1673181413   430681166 "obj_dir/Vregister16_055_const.tree"
T      8728 10623249  1673181413   430681166  1673181413   430681166 "obj_dir/Vregister16_056_deadAllScoped.tree"
T        87 10623250  1673181413   430681166  1673181413   430681166 "obj_dir/Vregister16_057_reorder.tree"
T     10336 10623251  1673181413   430681166  1673181413   430681166 "obj_dir/Vregister16_058_delayed.tree"
T     10507 10623252  1673181413   430681166  1673181413   430681166 "obj_dir/Vregister16_059_activetop.tree"
T      3789 10623253  1673181413   430681166  1673181413   430681166 "obj_dir/Vregister16_060_orderg_pre.dot"
T       139 10623254  1673181413   430681166  1673181413   430681166 "obj_dir/Vregister16_061_acyc_simp.dot"
T      3790 10623255  1673181413   430681166  1673181413   430681166 "obj_dir/Vregister16_062_orderg_acyc.dot"
T      3929 10623256  1673181413   430681166  1673181413   430681166 "obj_dir/Vregister16_063_orderg_order.dot"
T      3930 10623257  1673181413   430681166  1673181413   430681166 "obj_dir/Vregister16_064_orderg_domain.dot"
T      1172 10623258  1673181413   430681166  1673181413   430681166 "obj_dir/Vregister16_065_order_edges.txt"
T      3928 10623259  1673181413   430681166  1673181413   430681166 "obj_dir/Vregister16_066_orderg_done.dot"
T     10738 10623260  1673181413   430681166  1673181413   430681166 "obj_dir/Vregister16_067_order.tree"
T        87 10623261  1673181413   430681166  1673181413   430681166 "obj_dir/Vregister16_068_genclk.tree"
T     12307 10623262  1673181413   430681166  1673181413   430681166 "obj_dir/Vregister16_069_clock.tree"
T        89 10623263  1673181413   430681166  1673181413   430681166 "obj_dir/Vregister16_070_const.tree"
T        89 10623264  1673181413   430681166  1673181413   430681166 "obj_dir/Vregister16_071_life.tree"
T     11675 10623265  1673181413   430681166  1673181413   430681166 "obj_dir/Vregister16_072_life_post.tree"
T     11066 10623266  1673181413   430681166  1673181413   430681166 "obj_dir/Vregister16_073_const.tree"
T     10798 10623267  1673181413   430681166  1673181413   430681166 "obj_dir/Vregister16_074_deadAllScoped.tree"
T     11175 10623268  1673181413   430681166  1673181413   430681166 "obj_dir/Vregister16_075_changed.tree"
T     17956 10623269  1673181413   430681166  1673181413   430681166 "obj_dir/Vregister16_076_trace.tree"
T     14501 10623270  1673181413   434681497  1673181413   434681497 "obj_dir/Vregister16_078_descope.tree"
T        89 10623271  1673181413   434681497  1673181413   434681497 "obj_dir/Vregister16_079_combine.tree"
T     14332 10623272  1673181413   434681497  1673181413   434681497 "obj_dir/Vregister16_080_const.tree"
T     14013 10623273  1673181413   434681497  1673181413   434681497 "obj_dir/Vregister16_081_deadAll.tree"
T     14877 10623274  1673181413   434681497  1673181413   434681497 "obj_dir/Vregister16_082_clean.tree"
T        89 10623275  1673181413   434681497  1673181413   434681497 "obj_dir/Vregister16_083_premit.tree"
T        89 10623276  1673181413   434681497  1673181413   434681497 "obj_dir/Vregister16_084_expand.tree"
T        89 10623277  1673181413   434681497  1673181413   434681497 "obj_dir/Vregister16_085_const_cpp.tree"
T        89 10623278  1673181413   434681497  1673181413   434681497 "obj_dir/Vregister16_086_subst.tree"
T        89 10623279  1673181413   434681497  1673181413   434681497 "obj_dir/Vregister16_087_const_cpp.tree"
T     14759 10623280  1673181413   434681497  1673181413   434681497 "obj_dir/Vregister16_088_deadAll.tree"
T     14940 10623281  1673181413   434681497  1673181413   434681497 "obj_dir/Vregister16_092_cast.tree"
T     18137 10623282  1673181413   434681497  1673181413   434681497 "obj_dir/Vregister16_093_cuse.tree"
T     18984 10623296  1673181413   438681828  1673181413   438681828 "obj_dir/Vregister16_990_final.tree"
T       793 10623283  1673181413   434681497  1673181413   434681497 "obj_dir/Vregister16__Syms.cpp"
T      1142 10623284  1673181413   434681497  1673181413   434681497 "obj_dir/Vregister16__Syms.h"
T      1693 10623288  1673181413   438681828  1673181413   438681828 "obj_dir/Vregister16__Trace.cpp"
T      3276 10623287  1673181413   438681828  1673181413   438681828 "obj_dir/Vregister16__Trace__Slow.cpp"
T      2633 10623291  1673181413   438681828  1673181413   438681828 "obj_dir/Vregister16___024root.cpp"
T      1000 10623289  1673181413   438681828  1673181413   438681828 "obj_dir/Vregister16___024root.h"
T      2100 10623290  1673181413   438681828  1673181413   438681828 "obj_dir/Vregister16___024root__Slow.cpp"
T     23000 10623293  1673181413   438681828  1673181413   438681828 "obj_dir/Vregister16__stats.txt"
T      3332 10623297  1673181413   438681828  1673181413   438681828 "obj_dir/Vregister16__ver.d"
T         0        0  1673181413   438681828  1673181413   438681828 "obj_dir/Vregister16__verFiles.dat"
T      1712 10623294  1673181413   438681828  1673181413   438681828 "obj_dir/Vregister16_classes.mk"
T       319 10623117  1673181413   418680172  1673181413   418680172 "obj_dir/Vregister16_register16.vpp"
S       214 10623013  1673170580   991017991  1673170580   991017991 "register16.v"
