# DESCRIPTION: Verilator output: Timestamp data for --skip-identical.  Delete at will.
C "--cc --exe --build --debug --trace encode_32to5_case_sim.cpp encode_32to5_case.v"
S  96767328  5510302  1670255541   846965845  1670255541   846965845 "/usr/local/bin/verilator_bin_dbg"
S      2506  9184310  1670492705   252846945  1670492705   252846945 "encode_32to5_case.v"
T      5366  9184394  1670493010   733944725  1670493010   733944725 "obj_dir/Vencode_32to5_case.cpp"
T      3085  9184393  1670493010   733944725  1670493010   733944725 "obj_dir/Vencode_32to5_case.h"
T      1946  9184406  1670493010   737945094  1670493010   737945094 "obj_dir/Vencode_32to5_case.mk"
T     55180  9184403  1670493010   737945094  1670493010   737945094 "obj_dir/Vencode_32to5_case.xml"
T     16833  9184324  1670493010   689940657  1670493010   689940657 "obj_dir/Vencode_32to5_case_001_cells.tree"
T     18670  9184325  1670493010   689940657  1670493010   689940657 "obj_dir/Vencode_32to5_case_006_linkjump.tree"
T        87  9184326  1670493010   689940657  1670493010   689940657 "obj_dir/Vencode_32to5_case_007_linkinc.tree"
T     18589  9184327  1670493010   693941027  1670493010   693941027 "obj_dir/Vencode_32to5_case_009_linkdotparam.tree"
T     20507  9184328  1670493010   693941027  1670493010   693941027 "obj_dir/Vencode_32to5_case_011_width.tree"
T     20247  9184329  1670493010   693941027  1670493010   693941027 "obj_dir/Vencode_32to5_case_013_const.tree"
T        89  9184330  1670493010   693941027  1670493010   693941027 "obj_dir/Vencode_32to5_case_014_assertpre.tree"
T        89  9184331  1670493010   693941027  1670493010   693941027 "obj_dir/Vencode_32to5_case_015_assert.tree"
T     21669  9184332  1670493010   693941027  1670493010   693941027 "obj_dir/Vencode_32to5_case_017_const.tree"
T     20869  9184333  1670493010   693941027  1670493010   693941027 "obj_dir/Vencode_32to5_case_022_begin.tree"
T        89  9184334  1670493010   693941027  1670493010   693941027 "obj_dir/Vencode_32to5_case_023_tristate.tree"
T        89  9184335  1670493010   693941027  1670493010   693941027 "obj_dir/Vencode_32to5_case_024_unknown.tree"
T        89  9184336  1670493010   693941027  1670493010   693941027 "obj_dir/Vencode_32to5_case_025_dfg-extract.tree"
T     21132  9184337  1670493010   693941027  1670493010   693941027 "obj_dir/Vencode_32to5_case_026_dfg-optimize.tree"
T     21591  9184338  1670493010   697941396  1670493010   697941396 "obj_dir/Vencode_32to5_case_027_inline.tree"
T     21873  9184339  1670493010   697941396  1670493010   697941396 "obj_dir/Vencode_32to5_case_029_dfg-optimize.tree"
T     21585  9184340  1670493010   697941396  1670493010   697941396 "obj_dir/Vencode_32to5_case_030_const.tree"
T     21018  9184341  1670493010   697941396  1670493010   697941396 "obj_dir/Vencode_32to5_case_031_deadDtypes.tree"
T        89  9184342  1670493010   697941396  1670493010   697941396 "obj_dir/Vencode_32to5_case_032_inst.tree"
T        89  9184343  1670493010   697941396  1670493010   697941396 "obj_dir/Vencode_32to5_case_033_const.tree"
T     28001  9184344  1670493010   697941396  1670493010   697941396 "obj_dir/Vencode_32to5_case_034_scope.tree"
T     27832  9184345  1670493010   697941396  1670493010   697941396 "obj_dir/Vencode_32to5_case_035_linkdot.tree"
T        89  9184346  1670493010   697941396  1670493010   697941396 "obj_dir/Vencode_32to5_case_036_class.tree"
T        89  9184347  1670493010   697941396  1670493010   697941396 "obj_dir/Vencode_32to5_case_037_const.tree"
T        89  9184348  1670493010   697941396  1670493010   697941396 "obj_dir/Vencode_32to5_case_038_deadDtypesScoped.tree"
T     60163  9184349  1670493010   697941396  1670493010   697941396 "obj_dir/Vencode_32to5_case_039_case.tree"
T        89  9184350  1670493010   701941766  1670493010   701941766 "obj_dir/Vencode_32to5_case_040_task.tree"
T     59477  9184351  1670493010   701941766  1670493010   701941766 "obj_dir/Vencode_32to5_case_042_unroll.tree"
T        89  9184352  1670493010   701941766  1670493010   701941766 "obj_dir/Vencode_32to5_case_043_slice.tree"
T     47310  9184353  1670493010   701941766  1670493010   701941766 "obj_dir/Vencode_32to5_case_044_const.tree"
T        89  9184354  1670493010   701941766  1670493010   701941766 "obj_dir/Vencode_32to5_case_045_life.tree"
T        89  9184355  1670493010   701941766  1670493010   701941766 "obj_dir/Vencode_32to5_case_046_table.tree"
T        89  9184356  1670493010   701941766  1670493010   701941766 "obj_dir/Vencode_32to5_case_047_const.tree"
T        89  9184357  1670493010   701941766  1670493010   701941766 "obj_dir/Vencode_32to5_case_048_deadDtypesScoped.tree"
T     47401  9184358  1670493010   701941766  1670493010   701941766 "obj_dir/Vencode_32to5_case_049_active.tree"
T        89  9184359  1670493010   701941766  1670493010   701941766 "obj_dir/Vencode_32to5_case_050_split.tree"
T        89  9184360  1670493010   701941766  1670493010   701941766 "obj_dir/Vencode_32to5_case_051_splitas.tree"
T     50119  9184361  1670493010   705942136  1670493010   705942136 "obj_dir/Vencode_32to5_case_052_tracedecl.tree"
T     47766  9184362  1670493010   705942136  1670493010   705942136 "obj_dir/Vencode_32to5_case_053_gate.tree"
T        89  9184363  1670493010   705942136  1670493010   705942136 "obj_dir/Vencode_32to5_case_054_const.tree"
T     46692  9184364  1670493010   705942136  1670493010   705942136 "obj_dir/Vencode_32to5_case_055_deadAllScoped.tree"
T        89  9184365  1670493010   705942136  1670493010   705942136 "obj_dir/Vencode_32to5_case_056_reorder.tree"
T        89  9184366  1670493010   705942136  1670493010   705942136 "obj_dir/Vencode_32to5_case_057_delayed.tree"
T     46684  9184367  1670493010   705942136  1670493010   705942136 "obj_dir/Vencode_32to5_case_058_activetop.tree"
T    127507  9184368  1670493010   709942506  1670493010   709942506 "obj_dir/Vencode_32to5_case_059_sched.tree"
T    124841  9184369  1670493010   709942506  1670493010   709942506 "obj_dir/Vencode_32to5_case_060_clock.tree"
T    125206  9184370  1670493010   713942876  1670493010   713942876 "obj_dir/Vencode_32to5_case_061_const.tree"
T        89  9184371  1670493010   713942876  1670493010   713942876 "obj_dir/Vencode_32to5_case_062_life.tree"
T        89  9184372  1670493010   713942876  1670493010   713942876 "obj_dir/Vencode_32to5_case_063_life_post.tree"
T    126567  9184373  1670493010   717943245  1670493010   717943245 "obj_dir/Vencode_32to5_case_064_const.tree"
T        89  9184374  1670493010   717943245  1670493010   717943245 "obj_dir/Vencode_32to5_case_065_deadAllScoped.tree"
T    132097  9184375  1670493010   717943245  1670493010   717943245 "obj_dir/Vencode_32to5_case_066_trace.tree"
T    105466  9184376  1670493010   721943616  1670493010   721943616 "obj_dir/Vencode_32to5_case_068_descope.tree"
T     72239  9184377  1670493010   721943616  1670493010   721943616 "obj_dir/Vencode_32to5_case_069_combine.tree"
T     72101  9184378  1670493010   721943616  1670493010   721943616 "obj_dir/Vencode_32to5_case_070_const.tree"
T     71298  9184379  1670493010   721943616  1670493010   721943616 "obj_dir/Vencode_32to5_case_071_deadAll.tree"
T     73678  9184380  1670493010   725943985  1670493010   725943985 "obj_dir/Vencode_32to5_case_072_clean.tree"
T     75806  9184381  1670493010   725943985  1670493010   725943985 "obj_dir/Vencode_32to5_case_073_premit.tree"
T        89  9184382  1670493010   725943985  1670493010   725943985 "obj_dir/Vencode_32to5_case_074_expand.tree"
T        89  9184383  1670493010   725943985  1670493010   725943985 "obj_dir/Vencode_32to5_case_075_const_cpp.tree"
T     73831  9184384  1670493010   729944355  1670493010   729944355 "obj_dir/Vencode_32to5_case_076_subst.tree"
T        89  9184385  1670493010   729944355  1670493010   729944355 "obj_dir/Vencode_32to5_case_077_const_cpp.tree"
T     73415  9184386  1670493010   729944355  1670493010   729944355 "obj_dir/Vencode_32to5_case_078_deadAll.tree"
T     74247  9184387  1670493010   729944355  1670493010   729944355 "obj_dir/Vencode_32to5_case_082_cast.tree"
T     76791  9184388  1670493010   733944725  1670493010   733944725 "obj_dir/Vencode_32to5_case_083_common.tree"
T     76892  9184389  1670493010   733944725  1670493010   733944725 "obj_dir/Vencode_32to5_case_084_variableorder.tree"
T        89  9184390  1670493010   733944725  1670493010   733944725 "obj_dir/Vencode_32to5_case_085_cuse.tree"
T     78151  9184407  1670493010   741945465  1670493010   741945465 "obj_dir/Vencode_32to5_case_990_final.tree"
T       850  9184391  1670493010   733944725  1670493010   733944725 "obj_dir/Vencode_32to5_case__Syms.cpp"
T      1199  9184392  1670493010   733944725  1670493010   733944725 "obj_dir/Vencode_32to5_case__Syms.h"
T      1958  9184402  1670493010   733944725  1670493010   733944725 "obj_dir/Vencode_32to5_case__Trace__0.cpp"
T      3517  9184401  1670493010   733944725  1670493010   733944725 "obj_dir/Vencode_32to5_case__Trace__0__Slow.cpp"
T      1146  9184395  1670493010   733944725  1670493010   733944725 "obj_dir/Vencode_32to5_case___024root.h"
T      1595  9184399  1670493010   733944725  1670493010   733944725 "obj_dir/Vencode_32to5_case___024root__DepSet_h1171ad18__0.cpp"
T       973  9184397  1670493010   733944725  1670493010   733944725 "obj_dir/Vencode_32to5_case___024root__DepSet_h1171ad18__0__Slow.cpp"
T     16502  9184400  1670493010   733944725  1670493010   733944725 "obj_dir/Vencode_32to5_case___024root__DepSet_h5a8b5a5a__0.cpp"
T      6139  9184398  1670493010   733944725  1670493010   733944725 "obj_dir/Vencode_32to5_case___024root__DepSet_h5a8b5a5a__0__Slow.cpp"
T       776  9184396  1670493010   733944725  1670493010   733944725 "obj_dir/Vencode_32to5_case___024root__Slow.cpp"
T     57001  9184404  1670493010   737945094  1670493010   737945094 "obj_dir/Vencode_32to5_case__stats.txt"
T      3861  9184408  1670493010   741945465  1670493010   741945465 "obj_dir/Vencode_32to5_case__ver.d"
T         0        0  1670493010   741945465  1670493010   741945465 "obj_dir/Vencode_32to5_case__verFiles.dat"
T      1822  9184405  1670493010   737945094  1670493010   737945094 "obj_dir/Vencode_32to5_case_classes.mk"
T      2632  9184323  1670493010   689940657  1670493010   689940657 "obj_dir/Vencode_32to5_case_encode_32to5_case.v.vpp"
