# DESCRIPTION: Verilator output: Timestamp data for --skip-identical.  Delete at will.
C "--cc --exe --build --debug --trace encode_2to1_case_sim.cpp encode_2to1_case.v"
S  96767328  5510302  1670255541   846965845  1670255541   846965845 "/usr/local/bin/verilator_bin_dbg"
S       356  9183834  1670488106   345711405  1670488106   345711405 "encode_2to1_case.v"
T      5316  9183918  1670488682   521784385  1670488682   521784385 "obj_dir/Vencode_2to1_case.cpp"
T      3074  9183917  1670488682   521784385  1670488682   521784385 "obj_dir/Vencode_2to1_case.h"
T      1937  9183930  1670488682   521784385  1670488682   521784385 "obj_dir/Vencode_2to1_case.mk"
T     31943  9183927  1670488682   521784385  1670488682   521784385 "obj_dir/Vencode_2to1_case.xml"
T      4248  9183848  1670488682   497784023  1670488682   497784023 "obj_dir/Vencode_2to1_case_001_cells.tree"
T      4529  9183849  1670488682   497784023  1670488682   497784023 "obj_dir/Vencode_2to1_case_006_linkjump.tree"
T        87  9183850  1670488682   497784023  1670488682   497784023 "obj_dir/Vencode_2to1_case_007_linkinc.tree"
T      4508  9183851  1670488682   501784083  1670488682   501784083 "obj_dir/Vencode_2to1_case_009_linkdotparam.tree"
T      4605  9183852  1670488682   501784083  1670488682   501784083 "obj_dir/Vencode_2to1_case_011_width.tree"
T      4510  9183853  1670488682   501784083  1670488682   501784083 "obj_dir/Vencode_2to1_case_013_const.tree"
T        87  9183854  1670488682   501784083  1670488682   501784083 "obj_dir/Vencode_2to1_case_014_assertpre.tree"
T        87  9183855  1670488682   501784083  1670488682   501784083 "obj_dir/Vencode_2to1_case_015_assert.tree"
T      5974  9183856  1670488682   501784083  1670488682   501784083 "obj_dir/Vencode_2to1_case_017_const.tree"
T      5772  9183857  1670488682   501784083  1670488682   501784083 "obj_dir/Vencode_2to1_case_022_begin.tree"
T        87  9183858  1670488682   501784083  1670488682   501784083 "obj_dir/Vencode_2to1_case_023_tristate.tree"
T        87  9183859  1670488682   501784083  1670488682   501784083 "obj_dir/Vencode_2to1_case_024_unknown.tree"
T        87  9183860  1670488682   501784083  1670488682   501784083 "obj_dir/Vencode_2to1_case_025_dfg-extract.tree"
T      5825  9183861  1670488682   501784083  1670488682   501784083 "obj_dir/Vencode_2to1_case_026_dfg-optimize.tree"
T      6176  9183862  1670488682   501784083  1670488682   501784083 "obj_dir/Vencode_2to1_case_027_inline.tree"
T      6248  9183863  1670488682   501784083  1670488682   501784083 "obj_dir/Vencode_2to1_case_029_dfg-optimize.tree"
T      6168  9183864  1670488682   501784083  1670488682   501784083 "obj_dir/Vencode_2to1_case_030_const.tree"
T      5883  9183865  1670488682   501784083  1670488682   501784083 "obj_dir/Vencode_2to1_case_031_deadDtypes.tree"
T        87  9183866  1670488682   501784083  1670488682   501784083 "obj_dir/Vencode_2to1_case_032_inst.tree"
T        87  9183867  1670488682   501784083  1670488682   501784083 "obj_dir/Vencode_2to1_case_033_const.tree"
T      9072  9183868  1670488682   501784083  1670488682   501784083 "obj_dir/Vencode_2to1_case_034_scope.tree"
T      8936  9183869  1670488682   501784083  1670488682   501784083 "obj_dir/Vencode_2to1_case_035_linkdot.tree"
T        87  9183870  1670488682   501784083  1670488682   501784083 "obj_dir/Vencode_2to1_case_036_class.tree"
T        87  9183871  1670488682   501784083  1670488682   501784083 "obj_dir/Vencode_2to1_case_037_const.tree"
T        87  9183872  1670488682   501784083  1670488682   501784083 "obj_dir/Vencode_2to1_case_038_deadDtypesScoped.tree"
T     10886  9183873  1670488682   505784144  1670488682   505784144 "obj_dir/Vencode_2to1_case_039_case.tree"
T        87  9183874  1670488682   505784144  1670488682   505784144 "obj_dir/Vencode_2to1_case_040_task.tree"
T     10850  9183875  1670488682   505784144  1670488682   505784144 "obj_dir/Vencode_2to1_case_042_unroll.tree"
T        87  9183876  1670488682   505784144  1670488682   505784144 "obj_dir/Vencode_2to1_case_043_slice.tree"
T      8021  9183877  1670488682   505784144  1670488682   505784144 "obj_dir/Vencode_2to1_case_044_const.tree"
T        87  9183878  1670488682   505784144  1670488682   505784144 "obj_dir/Vencode_2to1_case_045_life.tree"
T        87  9183879  1670488682   505784144  1670488682   505784144 "obj_dir/Vencode_2to1_case_046_table.tree"
T        87  9183880  1670488682   505784144  1670488682   505784144 "obj_dir/Vencode_2to1_case_047_const.tree"
T        87  9183881  1670488682   505784144  1670488682   505784144 "obj_dir/Vencode_2to1_case_048_deadDtypesScoped.tree"
T      7446  9183882  1670488682   505784144  1670488682   505784144 "obj_dir/Vencode_2to1_case_049_active.tree"
T        87  9183883  1670488682   505784144  1670488682   505784144 "obj_dir/Vencode_2to1_case_050_split.tree"
T        87  9183884  1670488682   505784144  1670488682   505784144 "obj_dir/Vencode_2to1_case_051_splitas.tree"
T     10521  9183885  1670488682   505784144  1670488682   505784144 "obj_dir/Vencode_2to1_case_052_tracedecl.tree"
T      8210  9183886  1670488682   505784144  1670488682   505784144 "obj_dir/Vencode_2to1_case_053_gate.tree"
T        87  9183887  1670488682   505784144  1670488682   505784144 "obj_dir/Vencode_2to1_case_054_const.tree"
T      7153  9183888  1670488682   505784144  1670488682   505784144 "obj_dir/Vencode_2to1_case_055_deadAllScoped.tree"
T        87  9183889  1670488682   505784144  1670488682   505784144 "obj_dir/Vencode_2to1_case_056_reorder.tree"
T        87  9183890  1670488682   505784144  1670488682   505784144 "obj_dir/Vencode_2to1_case_057_delayed.tree"
T      7145  9183891  1670488682   505784144  1670488682   505784144 "obj_dir/Vencode_2to1_case_058_activetop.tree"
T     49691  9183892  1670488682   505784144  1670488682   505784144 "obj_dir/Vencode_2to1_case_059_sched.tree"
T     47032  9183893  1670488682   505784144  1670488682   505784144 "obj_dir/Vencode_2to1_case_060_clock.tree"
T     47399  9183894  1670488682   509784204  1670488682   509784204 "obj_dir/Vencode_2to1_case_061_const.tree"
T        89  9183895  1670488682   509784204  1670488682   509784204 "obj_dir/Vencode_2to1_case_062_life.tree"
T        89  9183896  1670488682   509784204  1670488682   509784204 "obj_dir/Vencode_2to1_case_063_life_post.tree"
T     47948  9183897  1670488682   509784204  1670488682   509784204 "obj_dir/Vencode_2to1_case_064_const.tree"
T        89  9183898  1670488682   509784204  1670488682   509784204 "obj_dir/Vencode_2to1_case_065_deadAllScoped.tree"
T     54276  9183899  1670488682   509784204  1670488682   509784204 "obj_dir/Vencode_2to1_case_066_trace.tree"
T     42029  9183900  1670488682   509784204  1670488682   509784204 "obj_dir/Vencode_2to1_case_068_descope.tree"
T     40574  9183901  1670488682   513784264  1670488682   513784264 "obj_dir/Vencode_2to1_case_069_combine.tree"
T     40436  9183902  1670488682   513784264  1670488682   513784264 "obj_dir/Vencode_2to1_case_070_const.tree"
T     39634  9183903  1670488682   513784264  1670488682   513784264 "obj_dir/Vencode_2to1_case_071_deadAll.tree"
T     41313  9183904  1670488682   513784264  1670488682   513784264 "obj_dir/Vencode_2to1_case_072_clean.tree"
T     43586  9183905  1670488682   513784264  1670488682   513784264 "obj_dir/Vencode_2to1_case_073_premit.tree"
T        89  9183906  1670488682   513784264  1670488682   513784264 "obj_dir/Vencode_2to1_case_074_expand.tree"
T     43652  9183907  1670488682   513784264  1670488682   513784264 "obj_dir/Vencode_2to1_case_075_const_cpp.tree"
T     41709  9183908  1670488682   517784324  1670488682   517784324 "obj_dir/Vencode_2to1_case_076_subst.tree"
T     41705  9183909  1670488682   517784324  1670488682   517784324 "obj_dir/Vencode_2to1_case_077_const_cpp.tree"
T     41195  9183910  1670488682   517784324  1670488682   517784324 "obj_dir/Vencode_2to1_case_078_deadAll.tree"
T     42217  9183911  1670488682   517784324  1670488682   517784324 "obj_dir/Vencode_2to1_case_082_cast.tree"
T     45278  9183912  1670488682   517784324  1670488682   517784324 "obj_dir/Vencode_2to1_case_083_common.tree"
T     45348  9183913  1670488682   521784385  1670488682   521784385 "obj_dir/Vencode_2to1_case_084_variableorder.tree"
T        89  9183914  1670488682   521784385  1670488682   521784385 "obj_dir/Vencode_2to1_case_085_cuse.tree"
T     46667  9183931  1670488682   525784444  1670488682   525784444 "obj_dir/Vencode_2to1_case_990_final.tree"
T       842  9183915  1670488682   521784385  1670488682   521784385 "obj_dir/Vencode_2to1_case__Syms.cpp"
T      1190  9183916  1670488682   521784385  1670488682   521784385 "obj_dir/Vencode_2to1_case__Syms.h"
T      1935  9183926  1670488682   521784385  1670488682   521784385 "obj_dir/Vencode_2to1_case__Trace__0.cpp"
T      3477  9183925  1670488682   521784385  1670488682   521784385 "obj_dir/Vencode_2to1_case__Trace__0__Slow.cpp"
T      1136  9183919  1670488682   521784385  1670488682   521784385 "obj_dir/Vencode_2to1_case___024root.h"
T      1578  9183923  1670488682   521784385  1670488682   521784385 "obj_dir/Vencode_2to1_case___024root__DepSet_h7283cc66__0.cpp"
T       963  9183921  1670488682   521784385  1670488682   521784385 "obj_dir/Vencode_2to1_case___024root__DepSet_h7283cc66__0__Slow.cpp"
T      5697  9183924  1670488682   521784385  1670488682   521784385 "obj_dir/Vencode_2to1_case___024root__DepSet_h851f2d58__0.cpp"
T      6083  9183922  1670488682   521784385  1670488682   521784385 "obj_dir/Vencode_2to1_case___024root__DepSet_h851f2d58__0__Slow.cpp"
T       764  9183920  1670488682   521784385  1670488682   521784385 "obj_dir/Vencode_2to1_case___024root__Slow.cpp"
T     56907  9183928  1670488682   521784385  1670488682   521784385 "obj_dir/Vencode_2to1_case__stats.txt"
T      3773  9183932  1670488682   525784444  1670488682   525784444 "obj_dir/Vencode_2to1_case__ver.d"
T         0        0  1670488682   525784444  1670488682   525784444 "obj_dir/Vencode_2to1_case__verFiles.dat"
T      1812  9183929  1670488682   521784385  1670488682   521784385 "obj_dir/Vencode_2to1_case_classes.mk"
T       479  9183847  1670488682   497784023  1670488682   497784023 "obj_dir/Vencode_2to1_case_encode_2to1_case.v.vpp"
