# DESCRIPTION: Verilator output: Timestamp data for --skip-identical.  Delete at will.
C "--cc --exe --build --debug --trace decode_2to4_for.v decode_2to4_for_sim.cpp"
S  96767328  5510302  1670255541   846965845  1670255541   846965845 "/usr/local/bin/verilator_bin_dbg"
S       474  9183094  1670479253   343220532  1670479253   343220532 "decode_2to4_for.v"
T      5266  9183168  1670479270   760172268  1670479270   760172268 "obj_dir/Vdecode_2to4_for.cpp"
T      3063  9183167  1670479270   760172268  1670479270   760172268 "obj_dir/Vdecode_2to4_for.h"
T      1928  9183180  1670479270   764172486  1670479270   764172486 "obj_dir/Vdecode_2to4_for.mk"
T     35396  9183177  1670479270   764172486  1670479270   764172486 "obj_dir/Vdecode_2to4_for.xml"
T      5723  9183098  1670479270   736170958  1670479270   736170958 "obj_dir/Vdecode_2to4_for_001_cells.tree"
T      6815  9183099  1670479270   736170958  1670479270   736170958 "obj_dir/Vdecode_2to4_for_006_linkjump.tree"
T        87  9183100  1670479270   736170958  1670479270   736170958 "obj_dir/Vdecode_2to4_for_007_linkinc.tree"
T      6786  9183101  1670479270   736170958  1670479270   736170958 "obj_dir/Vdecode_2to4_for_009_linkdotparam.tree"
T      8679  9183102  1670479270   736170958  1670479270   736170958 "obj_dir/Vdecode_2to4_for_011_width.tree"
T      8392  9183103  1670479270   736170958  1670479270   736170958 "obj_dir/Vdecode_2to4_for_013_const.tree"
T        87  9183104  1670479270   736170958  1670479270   736170958 "obj_dir/Vdecode_2to4_for_014_assertpre.tree"
T        87  9183105  1670479270   736170958  1670479270   736170958 "obj_dir/Vdecode_2to4_for_015_assert.tree"
T      8755  9183106  1670479270   736170958  1670479270   736170958 "obj_dir/Vdecode_2to4_for_017_const.tree"
T      8392  9183107  1670479270   736170958  1670479270   736170958 "obj_dir/Vdecode_2to4_for_022_begin.tree"
T        87  9183108  1670479270   736170958  1670479270   736170958 "obj_dir/Vdecode_2to4_for_023_tristate.tree"
T      8389  9183109  1670479270   740171176  1670479270   740171176 "obj_dir/Vdecode_2to4_for_024_unknown.tree"
T        87  9183110  1670479270   740171176  1670479270   740171176 "obj_dir/Vdecode_2to4_for_025_dfg-extract.tree"
T      8480  9183111  1670479270   740171176  1670479270   740171176 "obj_dir/Vdecode_2to4_for_026_dfg-optimize.tree"
T      9059  9183112  1670479270   740171176  1670479270   740171176 "obj_dir/Vdecode_2to4_for_027_inline.tree"
T      9166  9183113  1670479270   740171176  1670479270   740171176 "obj_dir/Vdecode_2to4_for_029_dfg-optimize.tree"
T      9051  9183114  1670479270   740171176  1670479270   740171176 "obj_dir/Vdecode_2to4_for_030_const.tree"
T      8288  9183115  1670479270   740171176  1670479270   740171176 "obj_dir/Vdecode_2to4_for_031_deadDtypes.tree"
T        87  9183116  1670479270   740171176  1670479270   740171176 "obj_dir/Vdecode_2to4_for_032_inst.tree"
T        87  9183117  1670479270   740171176  1670479270   740171176 "obj_dir/Vdecode_2to4_for_033_const.tree"
T     12309  9183118  1670479270   740171176  1670479270   740171176 "obj_dir/Vdecode_2to4_for_034_scope.tree"
T     12170  9183119  1670479270   740171176  1670479270   740171176 "obj_dir/Vdecode_2to4_for_035_linkdot.tree"
T        87  9183120  1670479270   740171176  1670479270   740171176 "obj_dir/Vdecode_2to4_for_036_class.tree"
T        87  9183121  1670479270   740171176  1670479270   740171176 "obj_dir/Vdecode_2to4_for_037_const.tree"
T        87  9183122  1670479270   740171176  1670479270   740171176 "obj_dir/Vdecode_2to4_for_038_deadDtypesScoped.tree"
T        87  9183123  1670479270   740171176  1670479270   740171176 "obj_dir/Vdecode_2to4_for_039_case.tree"
T        87  9183124  1670479270   740171176  1670479270   740171176 "obj_dir/Vdecode_2to4_for_040_task.tree"
T     16848  9183125  1670479270   740171176  1670479270   740171176 "obj_dir/Vdecode_2to4_for_042_unroll.tree"
T        89  9183126  1670479270   740171176  1670479270   740171176 "obj_dir/Vdecode_2to4_for_043_slice.tree"
T     14760  9183127  1670479270   740171176  1670479270   740171176 "obj_dir/Vdecode_2to4_for_044_const.tree"
T     13166  9183128  1670479270   740171176  1670479270   740171176 "obj_dir/Vdecode_2to4_for_045_life.tree"
T        89  9183129  1670479270   740171176  1670479270   740171176 "obj_dir/Vdecode_2to4_for_046_table.tree"
T     12301  9183130  1670479270   740171176  1670479270   740171176 "obj_dir/Vdecode_2to4_for_047_const.tree"
T     12066  9183131  1670479270   744171394  1670479270   744171394 "obj_dir/Vdecode_2to4_for_048_deadDtypesScoped.tree"
T     11662  9183132  1670479270   744171394  1670479270   744171394 "obj_dir/Vdecode_2to4_for_049_active.tree"
T     12004  9183133  1670479270   744171394  1670479270   744171394 "obj_dir/Vdecode_2to4_for_050_split.tree"
T        89  9183134  1670479270   744171394  1670479270   744171394 "obj_dir/Vdecode_2to4_for_051_splitas.tree"
T     15576  9183135  1670479270   744171394  1670479270   744171394 "obj_dir/Vdecode_2to4_for_052_tracedecl.tree"
T     13279  9183136  1670479270   744171394  1670479270   744171394 "obj_dir/Vdecode_2to4_for_053_gate.tree"
T        89  9183137  1670479270   744171394  1670479270   744171394 "obj_dir/Vdecode_2to4_for_054_const.tree"
T     12231  9183138  1670479270   744171394  1670479270   744171394 "obj_dir/Vdecode_2to4_for_055_deadAllScoped.tree"
T        89  9183139  1670479270   744171394  1670479270   744171394 "obj_dir/Vdecode_2to4_for_056_reorder.tree"
T        89  9183140  1670479270   744171394  1670479270   744171394 "obj_dir/Vdecode_2to4_for_057_delayed.tree"
T     12223  9183141  1670479270   744171394  1670479270   744171394 "obj_dir/Vdecode_2to4_for_058_activetop.tree"
T     57791  9183142  1670479270   744171394  1670479270   744171394 "obj_dir/Vdecode_2to4_for_059_sched.tree"
T     55125  9183143  1670479270   748171613  1670479270   748171613 "obj_dir/Vdecode_2to4_for_060_clock.tree"
T     55490  9183144  1670479270   748171613  1670479270   748171613 "obj_dir/Vdecode_2to4_for_061_const.tree"
T        89  9183145  1670479270   748171613  1670479270   748171613 "obj_dir/Vdecode_2to4_for_062_life.tree"
T        89  9183146  1670479270   748171613  1670479270   748171613 "obj_dir/Vdecode_2to4_for_063_life_post.tree"
T     56137  9183147  1670479270   748171613  1670479270   748171613 "obj_dir/Vdecode_2to4_for_064_const.tree"
T        89  9183148  1670479270   748171613  1670479270   748171613 "obj_dir/Vdecode_2to4_for_065_deadAllScoped.tree"
T     63056  9183149  1670479270   748171613  1670479270   748171613 "obj_dir/Vdecode_2to4_for_066_trace.tree"
T     48773  9183150  1670479270   752171831  1670479270   752171831 "obj_dir/Vdecode_2to4_for_068_descope.tree"
T     44794  9183151  1670479270   752171831  1670479270   752171831 "obj_dir/Vdecode_2to4_for_069_combine.tree"
T     44652  9183152  1670479270   752171831  1670479270   752171831 "obj_dir/Vdecode_2to4_for_070_const.tree"
T     43848  9183153  1670479270   752171831  1670479270   752171831 "obj_dir/Vdecode_2to4_for_071_deadAll.tree"
T     46277  9183154  1670479270   752171831  1670479270   752171831 "obj_dir/Vdecode_2to4_for_072_clean.tree"
T     48529  9183155  1670479270   756172049  1670479270   756172049 "obj_dir/Vdecode_2to4_for_073_premit.tree"
T     49421  9183156  1670479270   756172049  1670479270   756172049 "obj_dir/Vdecode_2to4_for_074_expand.tree"
T        89  9183157  1670479270   756172049  1670479270   756172049 "obj_dir/Vdecode_2to4_for_075_const_cpp.tree"
T     47454  9183158  1670479270   756172049  1670479270   756172049 "obj_dir/Vdecode_2to4_for_076_subst.tree"
T        89  9183159  1670479270   756172049  1670479270   756172049 "obj_dir/Vdecode_2to4_for_077_const_cpp.tree"
T     46140  9183160  1670479270   756172049  1670479270   756172049 "obj_dir/Vdecode_2to4_for_078_deadAll.tree"
T     47237  9183161  1670479270   760172268  1670479270   760172268 "obj_dir/Vdecode_2to4_for_082_cast.tree"
T     50557  9183162  1670479270   760172268  1670479270   760172268 "obj_dir/Vdecode_2to4_for_083_common.tree"
T     50634  9183163  1670479270   760172268  1670479270   760172268 "obj_dir/Vdecode_2to4_for_084_variableorder.tree"
T        89  9183164  1670479270   760172268  1670479270   760172268 "obj_dir/Vdecode_2to4_for_085_cuse.tree"
T     51961  9183181  1670479270   764172486  1670479270   764172486 "obj_dir/Vdecode_2to4_for_990_final.tree"
T       834  9183165  1670479270   760172268  1670479270   760172268 "obj_dir/Vdecode_2to4_for__Syms.cpp"
T      1181  9183166  1670479270   760172268  1670479270   760172268 "obj_dir/Vdecode_2to4_for__Syms.h"
T      1986  9183176  1670479270   760172268  1670479270   760172268 "obj_dir/Vdecode_2to4_for__Trace__0.cpp"
T      3560  9183175  1670479270   760172268  1670479270   760172268 "obj_dir/Vdecode_2to4_for__Trace__0__Slow.cpp"
T      1169  9183169  1670479270   760172268  1670479270   760172268 "obj_dir/Vdecode_2to4_for___024root.h"
T      6395  9183174  1670479270   760172268  1670479270   760172268 "obj_dir/Vdecode_2to4_for___024root__DepSet_h1251a6ac__0.cpp"
T      6087  9183172  1670479270   760172268  1670479270   760172268 "obj_dir/Vdecode_2to4_for___024root__DepSet_h1251a6ac__0__Slow.cpp"
T      1561  9183173  1670479270   760172268  1670479270   760172268 "obj_dir/Vdecode_2to4_for___024root__DepSet_hc21d96b4__0.cpp"
T       953  9183171  1670479270   760172268  1670479270   760172268 "obj_dir/Vdecode_2to4_for___024root__DepSet_hc21d96b4__0__Slow.cpp"
T       752  9183170  1670479270   760172268  1670479270   760172268 "obj_dir/Vdecode_2to4_for___024root__Slow.cpp"
T     58144  9183178  1670479270   764172486  1670479270   764172486 "obj_dir/Vdecode_2to4_for__stats.txt"
T      3685  9183182  1670479270   764172486  1670479270   764172486 "obj_dir/Vdecode_2to4_for__ver.d"
T         0        0  1670479270   764172486  1670479270   764172486 "obj_dir/Vdecode_2to4_for__verFiles.dat"
T      1802  9183179  1670479270   764172486  1670479270   764172486 "obj_dir/Vdecode_2to4_for_classes.mk"
T       592  9183097  1670479270   736170958  1670479270   736170958 "obj_dir/Vdecode_2to4_for_decode_2to4_for.v.vpp"
