# DESCRIPTION: Verilator output: Timestamp data for --skip-identical.  Delete at will.
C "--cc --exe --build --trace --debug barrelshifter8_sim.cpp barrelshifter8.v"
S  75996664  1184901  1673012804   619448687  1673012804   619448687 "/usr/local/bin/verilator_bin_dbg"
S      3642 10632860  1673248903   450343979  1673248903   450343979 "barrelshifter8.v"
S       485 10632834  1673240483    27821286  1673240483    27821286 "mux_0a.v"
S       485 10632835  1673240520    31195564  1673240520    31195564 "mux_0b.v"
S       485 10632836  1673240525   111119919  1673240525   111119919 "mux_0c.v"
S       485 10632837  1673240531   867023030  1673240531   867023030 "mux_1a.v"
S       485 10632838  1673240542   366880751  1673240542   366880751 "mux_1b.v"
S       485 10632839  1673240553   650738858  1673240553   650738858 "mux_1c.v"
S       485 10632840  1673240560   406659281  1673240560   406659281 "mux_2a.v"
S       485 10632841  1673240567   810576617  1673240567   810576617 "mux_2b.v"
S       485 10632842  1673240574   362507383  1673240574   362507383 "mux_2c.v"
S       485 10632843  1673240596   994295796  1673240596   994295796 "mux_3a.v"
S       485 10632844  1673240588   598369358  1673240588   598369358 "mux_3b.v"
S       485 10632845  1673240594   714315214  1673240594   714315214 "mux_3c.v"
S       485 10632846  1673240620   482119970  1673240620   482119970 "mux_4a.v"
S       485 10632847  1673240613   474167890  1673240613   474167890 "mux_4b.v"
S       485 10632848  1673240619   326127612  1673240619   326127612 "mux_4c.v"
S       485 10632849  1673240631   806050536  1673240631   806050536 "mux_5a.v"
S       485 10632850  1673240640   402004305  1673240640   402004305 "mux_5b.v"
S       485 10632851  1673240646   449975063  1673240646   449975063 "mux_5c.v"
S       485 10632852  1673240653     1946404  1673240653     1946404 "mux_6a.v"
S       485 10632853  1673240661   193914946  1673240661   193914946 "mux_6b.v"
S       485 10632854  1673240667   749893217  1673240667   749893217 "mux_6c.v"
S       485 10632855  1673240674   501873996  1673240674   501873996 "mux_7a.v"
S       485 10632856  1673240681   429857563  1673240681   429857563 "mux_7b.v"
S       485 10632857  1673240688   785843714  1673240688   785843714 "mux_7c.v"
S       258 10632833  1673239728   152419424  1673239728   152419424 "mux_c.v"
T      5649 10633147  1673249627     1996369  1673249627     1996369 "obj_dir/Vbarrelshifter8.cpp"
T      2851 10633146  1673249627     1996369  1673249627     1996369 "obj_dir/Vbarrelshifter8.h"
T      1919 10633156  1673249627     9996609  1673249627     9996609 "obj_dir/Vbarrelshifter8.mk"
T    152452 10633153  1673249627     9996609  1673249627     9996609 "obj_dir/Vbarrelshifter8.xml"
T      4069 10633069  1673249626   741988579  1673249626   741988579 "obj_dir/Vbarrelshifter8_001_linkcells.dot"
T    147735 10633070  1673249626   745988698  1673249626   745988698 "obj_dir/Vbarrelshifter8_002_cells.tree"
T    196541 10633071  1673249626   753988939  1673249626   753988939 "obj_dir/Vbarrelshifter8_007_link.tree"
T        89 10633072  1673249626   753988939  1673249626   753988939 "obj_dir/Vbarrelshifter8_008_linkInc.tree"
T        89 10633073  1673249626   757989058  1673249626   757989058 "obj_dir/Vbarrelshifter8_010_paramlink.tree"
T    227427 10633074  1673249626   761989179  1673249626   761989179 "obj_dir/Vbarrelshifter8_012_width.tree"
T    225214 10633075  1673249626   765989298  1673249626   765989298 "obj_dir/Vbarrelshifter8_014_const.tree"
T        91 10633076  1673249626   769989418  1673249626   769989418 "obj_dir/Vbarrelshifter8_015_assertpre.tree"
T        91 10633077  1673249626   769989418  1673249626   769989418 "obj_dir/Vbarrelshifter8_016_assert.tree"
T    226743 10633078  1673249626   773989538  1673249626   773989538 "obj_dir/Vbarrelshifter8_018_const.tree"
T    223983 10633079  1673249626   781989778  1673249626   781989778 "obj_dir/Vbarrelshifter8_023_begin.tree"
T    261335 10633080  1673249626   785989897  1673249626   785989897 "obj_dir/Vbarrelshifter8_024_tristate.tree"
T    261422 10633081  1673249626   789990017  1673249626   789990017 "obj_dir/Vbarrelshifter8_025_unknown.tree"
T    312572 10633082  1673249626   797990256  1673249626   797990256 "obj_dir/Vbarrelshifter8_026_inline.tree"
T    313200 10633083  1673249626   801990377  1673249626   801990377 "obj_dir/Vbarrelshifter8_028_const.tree"
T    293643 10633084  1673249626   805990497  1673249626   805990497 "obj_dir/Vbarrelshifter8_029_deadDtypes.tree"
T        91 10633085  1673249626   809990616  1673249626   809990616 "obj_dir/Vbarrelshifter8_030_inst.tree"
T        91 10633086  1673249626   809990616  1673249626   809990616 "obj_dir/Vbarrelshifter8_031_const.tree"
T    449885 10633087  1673249626   817990856  1673249626   817990856 "obj_dir/Vbarrelshifter8_032_scope.tree"
T    445670 10633088  1673249626   821990976  1673249626   821990976 "obj_dir/Vbarrelshifter8_033_linkdot.tree"
T        91 10633089  1673249626   825991095  1673249626   825991095 "obj_dir/Vbarrelshifter8_034_class.tree"
T        91 10633090  1673249626   825991095  1673249626   825991095 "obj_dir/Vbarrelshifter8_035_const.tree"
T        91 10633091  1673249626   825991095  1673249626   825991095 "obj_dir/Vbarrelshifter8_036_deadDtypesScoped.tree"
T    614101 10633092  1673249626   833991336  1673249626   833991336 "obj_dir/Vbarrelshifter8_037_case.tree"
T       189 10633093  1673249626   837991455  1673249626   837991455 "obj_dir/Vbarrelshifter8_038_task_call.dot"
T        91 10633094  1673249626   837991455  1673249626   837991455 "obj_dir/Vbarrelshifter8_039_task.tree"
T    617577 10633095  1673249626   845991695  1673249626   845991695 "obj_dir/Vbarrelshifter8_041_unroll.tree"
T        91 10633096  1673249626   849991814  1673249626   849991814 "obj_dir/Vbarrelshifter8_042_slice.tree"
T    450281 10633097  1673249626   853991935  1673249626   853991935 "obj_dir/Vbarrelshifter8_043_const.tree"
T        91 10633098  1673249626   857992055  1673249626   857992055 "obj_dir/Vbarrelshifter8_044_life.tree"
T        91 10633099  1673249626   857992055  1673249626   857992055 "obj_dir/Vbarrelshifter8_045_table.tree"
T        91 10633100  1673249626   857992055  1673249626   857992055 "obj_dir/Vbarrelshifter8_046_const.tree"
T    449613 10633101  1673249626   865992295  1673249626   865992295 "obj_dir/Vbarrelshifter8_047_deadDtypesScoped.tree"
T    435837 10633102  1673249626   873992534  1673249626   873992534 "obj_dir/Vbarrelshifter8_048_active.tree"
T    577004 10633103  1673249626   881992774  1673249626   881992774 "obj_dir/Vbarrelshifter8_049_split.tree"
T        91 10633104  1673249626   881992774  1673249626   881992774 "obj_dir/Vbarrelshifter8_050_splitas.tree"
T    668069 10633105  1673249626   889993013  1673249626   889993013 "obj_dir/Vbarrelshifter8_051_tracedecl.tree"
T    131019 10633106  1673249626   893993133  1673249626   893993133 "obj_dir/Vbarrelshifter8_052_gate_simp.dot"
T    116080 10633107  1673249626   897993253  1673249626   897993253 "obj_dir/Vbarrelshifter8_053_gate_opt.dot"
T    363382 10633108  1673249626   901993372  1673249626   901993372 "obj_dir/Vbarrelshifter8_054_gate.tree"
T    362790 10633109  1673249626   905993493  1673249626   905993493 "obj_dir/Vbarrelshifter8_055_const.tree"
T    275703 10633110  1673249626   909993613  1673249626   909993613 "obj_dir/Vbarrelshifter8_056_deadAllScoped.tree"
T        91 10633111  1673249626   909993613  1673249626   909993613 "obj_dir/Vbarrelshifter8_057_reorder.tree"
T        91 10633112  1673249626   913993732  1673249626   913993732 "obj_dir/Vbarrelshifter8_058_delayed.tree"
T    440796 10633113  1673249626   917993852  1673249626   917993852 "obj_dir/Vbarrelshifter8_059_activetop.tree"
T     38692 10633114  1673249626   921993972  1673249626   921993972 "obj_dir/Vbarrelshifter8_060_orderg_pre.dot"
T       143 10633115  1673249626   921993972  1673249626   921993972 "obj_dir/Vbarrelshifter8_061_acyc_simp.dot"
T     38693 10633116  1673249626   921993972  1673249626   921993972 "obj_dir/Vbarrelshifter8_062_orderg_acyc.dot"
T     39675 10633117  1673249626   921993972  1673249626   921993972 "obj_dir/Vbarrelshifter8_063_orderg_order.dot"
T     39676 10633118  1673249626   929994211  1673249626   929994211 "obj_dir/Vbarrelshifter8_064_orderg_domain.dot"
T      4303 10633119  1673249626   929994211  1673249626   929994211 "obj_dir/Vbarrelshifter8_065_order_edges.txt"
T     39674 10633120  1673249626   929994211  1673249626   929994211 "obj_dir/Vbarrelshifter8_066_orderg_done.dot"
T    434942 10633121  1673249626   933994332  1673249626   933994332 "obj_dir/Vbarrelshifter8_067_order.tree"
T        91 10633122  1673249626   937994452  1673249626   937994452 "obj_dir/Vbarrelshifter8_068_genclk.tree"
T    434298 10633123  1673249626   941994571  1673249626   941994571 "obj_dir/Vbarrelshifter8_069_clock.tree"
T        91 10633124  1673249626   941994571  1673249626   941994571 "obj_dir/Vbarrelshifter8_070_const.tree"
T        91 10633125  1673249626   945994691  1673249626   945994691 "obj_dir/Vbarrelshifter8_071_life.tree"
T        91 10633126  1673249626   945994691  1673249626   945994691 "obj_dir/Vbarrelshifter8_072_life_post.tree"
T        91 10633127  1673249626   945994691  1673249626   945994691 "obj_dir/Vbarrelshifter8_073_const.tree"
T        91 10633128  1673249626   949994811  1673249626   949994811 "obj_dir/Vbarrelshifter8_074_deadAllScoped.tree"
T    434675 10633129  1673249626   953994931  1673249626   953994931 "obj_dir/Vbarrelshifter8_075_changed.tree"
T    415391 10633130  1673249626   961995171  1673249626   961995171 "obj_dir/Vbarrelshifter8_076_trace.tree"
T    325670 10633131  1673249626   969995410  1673249626   969995410 "obj_dir/Vbarrelshifter8_078_descope.tree"
T    199817 10633132  1673249626   973995530  1673249626   973995530 "obj_dir/Vbarrelshifter8_079_combine.tree"
T    199558 10633133  1673249626   977995650  1673249626   977995650 "obj_dir/Vbarrelshifter8_080_const.tree"
T        91 10633134  1673249626   977995650  1673249626   977995650 "obj_dir/Vbarrelshifter8_081_deadAll.tree"
T    233841 10633135  1673249626   981995769  1673249626   981995769 "obj_dir/Vbarrelshifter8_082_clean.tree"
T        91 10633136  1673249626   981995769  1673249626   981995769 "obj_dir/Vbarrelshifter8_083_premit.tree"
T    219383 10633137  1673249626   985995890  1673249626   985995890 "obj_dir/Vbarrelshifter8_084_expand.tree"
T    199807 10633138  1673249626   989996010  1673249626   989996010 "obj_dir/Vbarrelshifter8_085_const_cpp.tree"
T        91 10633139  1673249626   989996010  1673249626   989996010 "obj_dir/Vbarrelshifter8_086_subst.tree"
T        91 10633140  1673249626   989996010  1673249626   989996010 "obj_dir/Vbarrelshifter8_087_const_cpp.tree"
T    197721 10633141  1673249626   993996129  1673249626   993996129 "obj_dir/Vbarrelshifter8_088_deadAll.tree"
T    212891 10633142  1673249626   997996249  1673249626   997996249 "obj_dir/Vbarrelshifter8_092_cast.tree"
T    223080 10633143  1673249627     1996369  1673249627     1996369 "obj_dir/Vbarrelshifter8_093_cuse.tree"
T    224056 10633157  1673249627    13996729  1673249627    13996729 "obj_dir/Vbarrelshifter8_990_final.tree"
T       825 10633144  1673249627     1996369  1673249627     1996369 "obj_dir/Vbarrelshifter8__Syms.cpp"
T      1178 10633145  1673249627     1996369  1673249627     1996369 "obj_dir/Vbarrelshifter8__Syms.h"
T      4998 10633149  1673249627     5996488  1673249627     5996488 "obj_dir/Vbarrelshifter8__Trace.cpp"
T     19538 10633148  1673249627     5996488  1673249627     5996488 "obj_dir/Vbarrelshifter8__Trace__Slow.cpp"
T     23181 10633152  1673249627     5996488  1673249627     5996488 "obj_dir/Vbarrelshifter8___024root.cpp"
T      2387 10633150  1673249627     5996488  1673249627     5996488 "obj_dir/Vbarrelshifter8___024root.h"
T      4207 10633151  1673249627     5996488  1673249627     5996488 "obj_dir/Vbarrelshifter8___024root__Slow.cpp"
T     25376 10633154  1673249627     9996609  1673249627     9996609 "obj_dir/Vbarrelshifter8__stats.txt"
T      4802 10633158  1673249627    13996729  1673249627    13996729 "obj_dir/Vbarrelshifter8__ver.d"
T         0        0  1673249627    13996729  1673249627    13996729 "obj_dir/Vbarrelshifter8__verFiles.dat"
T      3879 10633043  1673249626   733988340  1673249626   733988340 "obj_dir/Vbarrelshifter8_barrelshifter8.vpp"
T      1740 10633155  1673249627     9996609  1673249627     9996609 "obj_dir/Vbarrelshifter8_classes.mk"
T       600 10633052  1673249626   737988459  1673249626   737988459 "obj_dir/Vbarrelshifter8_mux_0a.vpp"
T       600 10633060  1673249626   741988579  1673249626   741988579 "obj_dir/Vbarrelshifter8_mux_0b.vpp"
T       600 10633068  1673249626   741988579  1673249626   741988579 "obj_dir/Vbarrelshifter8_mux_0c.vpp"
T       600 10633051  1673249626   737988459  1673249626   737988459 "obj_dir/Vbarrelshifter8_mux_1a.vpp"
T       600 10633059  1673249626   741988579  1673249626   741988579 "obj_dir/Vbarrelshifter8_mux_1b.vpp"
T       600 10633067  1673249626   741988579  1673249626   741988579 "obj_dir/Vbarrelshifter8_mux_1c.vpp"
T       600 10633050  1673249626   737988459  1673249626   737988459 "obj_dir/Vbarrelshifter8_mux_2a.vpp"
T       600 10633058  1673249626   741988579  1673249626   741988579 "obj_dir/Vbarrelshifter8_mux_2b.vpp"
T       600 10633066  1673249626   741988579  1673249626   741988579 "obj_dir/Vbarrelshifter8_mux_2c.vpp"
T       600 10633049  1673249626   737988459  1673249626   737988459 "obj_dir/Vbarrelshifter8_mux_3a.vpp"
T       600 10633057  1673249626   741988579  1673249626   741988579 "obj_dir/Vbarrelshifter8_mux_3b.vpp"
T       600 10633065  1673249626   741988579  1673249626   741988579 "obj_dir/Vbarrelshifter8_mux_3c.vpp"
T       600 10633048  1673249626   737988459  1673249626   737988459 "obj_dir/Vbarrelshifter8_mux_4a.vpp"
T       600 10633056  1673249626   737988459  1673249626   737988459 "obj_dir/Vbarrelshifter8_mux_4b.vpp"
T       600 10633064  1673249626   741988579  1673249626   741988579 "obj_dir/Vbarrelshifter8_mux_4c.vpp"
T       600 10633047  1673249626   737988459  1673249626   737988459 "obj_dir/Vbarrelshifter8_mux_5a.vpp"
T       600 10633055  1673249626   737988459  1673249626   737988459 "obj_dir/Vbarrelshifter8_mux_5b.vpp"
T       600 10633063  1673249626   741988579  1673249626   741988579 "obj_dir/Vbarrelshifter8_mux_5c.vpp"
T       600 10633046  1673249626   737988459  1673249626   737988459 "obj_dir/Vbarrelshifter8_mux_6a.vpp"
T       600 10633054  1673249626   737988459  1673249626   737988459 "obj_dir/Vbarrelshifter8_mux_6b.vpp"
T       600 10633062  1673249626   741988579  1673249626   741988579 "obj_dir/Vbarrelshifter8_mux_6c.vpp"
T       600 10633045  1673249626   737988459  1673249626   737988459 "obj_dir/Vbarrelshifter8_mux_7a.vpp"
T       600 10633053  1673249626   737988459  1673249626   737988459 "obj_dir/Vbarrelshifter8_mux_7b.vpp"
T       600 10633061  1673249626   741988579  1673249626   741988579 "obj_dir/Vbarrelshifter8_mux_7c.vpp"
T       348 10633044  1673249626   737988459  1673249626   737988459 "obj_dir/Vbarrelshifter8_mux_c.vpp"
