# DESCRIPTION: Verilator output: Timestamp data for --skip-identical.  Delete at will.
C "--cc --exe --build --trace --debug AddCounter1bit_sim.cpp AddCounter1bit.v"
S  75996664  1184901  1673012804   619448687  1673012804   619448687 "/usr/local/bin/verilator_bin_dbg"
S       211 10620246  1673148997   765903394  1673148997   765903394 "AddCounter1bit.v"
T      5593 10620341  1673149092   501097285  1673149092   501097285 "obj_dir/VAddCounter1bit.cpp"
T      2807 10620340  1673149092   501097285  1673149092   501097285 "obj_dir/VAddCounter1bit.h"
T      1919 10620350  1673149092   505097421  1673149092   505097421 "obj_dir/VAddCounter1bit.mk"
T     10720 10620347  1673149092   505097421  1673149092   505097421 "obj_dir/VAddCounter1bit.xml"
T       143 10620263  1673149092   481096605  1673149092   481096605 "obj_dir/VAddCounter1bit_001_linkcells.dot"
T      2549 10620264  1673149092   481096605  1673149092   481096605 "obj_dir/VAddCounter1bit_002_cells.tree"
T      2707 10620265  1673149092   481096605  1673149092   481096605 "obj_dir/VAddCounter1bit_007_link.tree"
T        87 10620266  1673149092   481096605  1673149092   481096605 "obj_dir/VAddCounter1bit_008_linkInc.tree"
T        87 10620267  1673149092   485096742  1673149092   485096742 "obj_dir/VAddCounter1bit_010_paramlink.tree"
T      4098 10620268  1673149092   489096877  1673149092   489096877 "obj_dir/VAddCounter1bit_012_width.tree"
T      3933 10620269  1673149092   489096877  1673149092   489096877 "obj_dir/VAddCounter1bit_014_const.tree"
T        87 10620270  1673149092   489096877  1673149092   489096877 "obj_dir/VAddCounter1bit_015_assertpre.tree"
T        87 10620271  1673149092   489096877  1673149092   489096877 "obj_dir/VAddCounter1bit_016_assert.tree"
T      5053 10620272  1673149092   489096877  1673149092   489096877 "obj_dir/VAddCounter1bit_018_const.tree"
T      4970 10620273  1673149092   489096877  1673149092   489096877 "obj_dir/VAddCounter1bit_023_begin.tree"
T        87 10620274  1673149092   489096877  1673149092   489096877 "obj_dir/VAddCounter1bit_024_tristate.tree"
T        87 10620275  1673149092   489096877  1673149092   489096877 "obj_dir/VAddCounter1bit_025_unknown.tree"
T      5338 10620276  1673149092   489096877  1673149092   489096877 "obj_dir/VAddCounter1bit_026_inline.tree"
T        87 10620277  1673149092   489096877  1673149092   489096877 "obj_dir/VAddCounter1bit_028_const.tree"
T      4122 10620278  1673149092   489096877  1673149092   489096877 "obj_dir/VAddCounter1bit_029_deadDtypes.tree"
T        87 10620279  1673149092   489096877  1673149092   489096877 "obj_dir/VAddCounter1bit_030_inst.tree"
T        87 10620280  1673149092   489096877  1673149092   489096877 "obj_dir/VAddCounter1bit_031_const.tree"
T      6412 10620281  1673149092   493097013  1673149092   493097013 "obj_dir/VAddCounter1bit_032_scope.tree"
T      6284 10620282  1673149092   493097013  1673149092   493097013 "obj_dir/VAddCounter1bit_033_linkdot.tree"
T        87 10620283  1673149092   493097013  1673149092   493097013 "obj_dir/VAddCounter1bit_034_class.tree"
T        87 10620284  1673149092   493097013  1673149092   493097013 "obj_dir/VAddCounter1bit_035_const.tree"
T        87 10620285  1673149092   493097013  1673149092   493097013 "obj_dir/VAddCounter1bit_036_deadDtypesScoped.tree"
T        87 10620286  1673149092   493097013  1673149092   493097013 "obj_dir/VAddCounter1bit_037_case.tree"
T       189 10620287  1673149092   493097013  1673149092   493097013 "obj_dir/VAddCounter1bit_038_task_call.dot"
T        87 10620288  1673149092   493097013  1673149092   493097013 "obj_dir/VAddCounter1bit_039_task.tree"
T      6342 10620289  1673149092   493097013  1673149092   493097013 "obj_dir/VAddCounter1bit_041_unroll.tree"
T        87 10620290  1673149092   493097013  1673149092   493097013 "obj_dir/VAddCounter1bit_042_slice.tree"
T        87 10620291  1673149092   493097013  1673149092   493097013 "obj_dir/VAddCounter1bit_043_const.tree"
T        87 10620292  1673149092   493097013  1673149092   493097013 "obj_dir/VAddCounter1bit_044_life.tree"
T        87 10620293  1673149092   493097013  1673149092   493097013 "obj_dir/VAddCounter1bit_045_table.tree"
T        87 10620294  1673149092   493097013  1673149092   493097013 "obj_dir/VAddCounter1bit_046_const.tree"
T        87 10620295  1673149092   493097013  1673149092   493097013 "obj_dir/VAddCounter1bit_047_deadDtypesScoped.tree"
T      6715 10620296  1673149092   493097013  1673149092   493097013 "obj_dir/VAddCounter1bit_048_active.tree"
T        87 10620297  1673149092   493097013  1673149092   493097013 "obj_dir/VAddCounter1bit_049_split.tree"
T        87 10620298  1673149092   493097013  1673149092   493097013 "obj_dir/VAddCounter1bit_050_splitas.tree"
T      9283 10620299  1673149092   493097013  1673149092   493097013 "obj_dir/VAddCounter1bit_051_tracedecl.tree"
T      2356 10620300  1673149092   493097013  1673149092   493097013 "obj_dir/VAddCounter1bit_052_gate_simp.dot"
T      2185 10620301  1673149092   493097013  1673149092   493097013 "obj_dir/VAddCounter1bit_053_gate_opt.dot"
T      7145 10620302  1673149092   497097149  1673149092   497097149 "obj_dir/VAddCounter1bit_054_gate.tree"
T        87 10620303  1673149092   497097149  1673149092   497097149 "obj_dir/VAddCounter1bit_055_const.tree"
T      6173 10620304  1673149092   497097149  1673149092   497097149 "obj_dir/VAddCounter1bit_056_deadAllScoped.tree"
T        87 10620305  1673149092   497097149  1673149092   497097149 "obj_dir/VAddCounter1bit_057_reorder.tree"
T      7818 10620306  1673149092   497097149  1673149092   497097149 "obj_dir/VAddCounter1bit_058_delayed.tree"
T      7995 10620307  1673149092   497097149  1673149092   497097149 "obj_dir/VAddCounter1bit_059_activetop.tree"
T      2978 10620308  1673149092   497097149  1673149092   497097149 "obj_dir/VAddCounter1bit_060_orderg_pre.dot"
T       278 10620309  1673149092   497097149  1673149092   497097149 "obj_dir/VAddCounter1bit_061_acyc_simp.dot"
T      2901 10620310  1673149092   497097149  1673149092   497097149 "obj_dir/VAddCounter1bit_062_orderg_acyc.dot"
T      2996 10620311  1673149092   497097149  1673149092   497097149 "obj_dir/VAddCounter1bit_063_orderg_order.dot"
T      2997 10620312  1673149092   497097149  1673149092   497097149 "obj_dir/VAddCounter1bit_064_orderg_domain.dot"
T       740 10620313  1673149092   497097149  1673149092   497097149 "obj_dir/VAddCounter1bit_065_order_edges.txt"
T      2995 10620314  1673149092   497097149  1673149092   497097149 "obj_dir/VAddCounter1bit_066_orderg_done.dot"
T      8232 10620315  1673149092   497097149  1673149092   497097149 "obj_dir/VAddCounter1bit_067_order.tree"
T        87 10620316  1673149092   497097149  1673149092   497097149 "obj_dir/VAddCounter1bit_068_genclk.tree"
T      9776 10620317  1673149092   497097149  1673149092   497097149 "obj_dir/VAddCounter1bit_069_clock.tree"
T        87 10620318  1673149092   497097149  1673149092   497097149 "obj_dir/VAddCounter1bit_070_const.tree"
T        87 10620319  1673149092   497097149  1673149092   497097149 "obj_dir/VAddCounter1bit_071_life.tree"
T      9124 10620320  1673149092   497097149  1673149092   497097149 "obj_dir/VAddCounter1bit_072_life_post.tree"
T      8500 10620321  1673149092   497097149  1673149092   497097149 "obj_dir/VAddCounter1bit_073_const.tree"
T      8223 10620322  1673149092   497097149  1673149092   497097149 "obj_dir/VAddCounter1bit_074_deadAllScoped.tree"
T      8594 10620323  1673149092   497097149  1673149092   497097149 "obj_dir/VAddCounter1bit_075_changed.tree"
T     14717 10620324  1673149092   501097285  1673149092   501097285 "obj_dir/VAddCounter1bit_076_trace.tree"
T     12158 10620325  1673149092   501097285  1673149092   501097285 "obj_dir/VAddCounter1bit_078_descope.tree"
T        89 10620326  1673149092   501097285  1673149092   501097285 "obj_dir/VAddCounter1bit_079_combine.tree"
T     12001 10620327  1673149092   501097285  1673149092   501097285 "obj_dir/VAddCounter1bit_080_const.tree"
T     11685 10620328  1673149092   501097285  1673149092   501097285 "obj_dir/VAddCounter1bit_081_deadAll.tree"
T     12303 10620329  1673149092   501097285  1673149092   501097285 "obj_dir/VAddCounter1bit_082_clean.tree"
T     12816 10620330  1673149092   501097285  1673149092   501097285 "obj_dir/VAddCounter1bit_083_premit.tree"
T        89 10620331  1673149092   501097285  1673149092   501097285 "obj_dir/VAddCounter1bit_084_expand.tree"
T        89 10620332  1673149092   501097285  1673149092   501097285 "obj_dir/VAddCounter1bit_085_const_cpp.tree"
T     12368 10620333  1673149092   501097285  1673149092   501097285 "obj_dir/VAddCounter1bit_086_subst.tree"
T        89 10620334  1673149092   501097285  1673149092   501097285 "obj_dir/VAddCounter1bit_087_const_cpp.tree"
T     12192 10620335  1673149092   501097285  1673149092   501097285 "obj_dir/VAddCounter1bit_088_deadAll.tree"
T     12648 10620336  1673149092   501097285  1673149092   501097285 "obj_dir/VAddCounter1bit_092_cast.tree"
T     14837 10620337  1673149092   501097285  1673149092   501097285 "obj_dir/VAddCounter1bit_093_cuse.tree"
T     15716 10620351  1673149092   505097421  1673149092   505097421 "obj_dir/VAddCounter1bit_990_final.tree"
T       358 10620262  1673149092   477096470  1673149092   477096470 "obj_dir/VAddCounter1bit_AddCounter1bit.vpp"
T       825 10620338  1673149092   501097285  1673149092   501097285 "obj_dir/VAddCounter1bit__Syms.cpp"
T      1178 10620339  1673149092   501097285  1673149092   501097285 "obj_dir/VAddCounter1bit__Syms.h"
T      1653 10620343  1673149092   501097285  1673149092   501097285 "obj_dir/VAddCounter1bit__Trace.cpp"
T      3086 10620342  1673149092   501097285  1673149092   501097285 "obj_dir/VAddCounter1bit__Trace__Slow.cpp"
T      2660 10620346  1673149092   501097285  1673149092   501097285 "obj_dir/VAddCounter1bit___024root.cpp"
T      1000 10620344  1673149092   501097285  1673149092   501097285 "obj_dir/VAddCounter1bit___024root.h"
T      2136 10620345  1673149092   501097285  1673149092   501097285 "obj_dir/VAddCounter1bit___024root__Slow.cpp"
T     23273 10620348  1673149092   505097421  1673149092   505097421 "obj_dir/VAddCounter1bit__stats.txt"
T      3704 10620352  1673149092   505097421  1673149092   505097421 "obj_dir/VAddCounter1bit__ver.d"
T         0        0  1673149092   505097421  1673149092   505097421 "obj_dir/VAddCounter1bit__verFiles.dat"
T      1740 10620349  1673149092   505097421  1673149092   505097421 "obj_dir/VAddCounter1bit_classes.mk"
