# DESCRIPTION: Verilator output: Timestamp data for --skip-identical.  Delete at will.
C "--cc --exe --build --trace --debug register4_sim.cpp register4.v"
S  75996664  1184901  1673012804   619448687  1673012804   619448687 "/usr/local/bin/verilator_bin_dbg"
T      5395 10622848  1673167544   957513780  1673167544   957513780 "obj_dir/Vregister4.cpp"
T      2789 10622847  1673167544   957513780  1673167544   957513780 "obj_dir/Vregister4.h"
T      1874 10622857  1673167544   961514015  1673167544   961514015 "obj_dir/Vregister4.mk"
T     12830 10622854  1673167544   957513780  1673167544   957513780 "obj_dir/Vregister4.xml"
T       138 10622770  1673167544   945513078  1673167544   945513078 "obj_dir/Vregister4_001_linkcells.dot"
T      4303 10622771  1673167544   945513078  1673167544   945513078 "obj_dir/Vregister4_002_cells.tree"
T      4425 10622772  1673167544   945513078  1673167544   945513078 "obj_dir/Vregister4_007_link.tree"
T        87 10622773  1673167544   945513078  1673167544   945513078 "obj_dir/Vregister4_008_linkInc.tree"
T        87 10622774  1673167544   945513078  1673167544   945513078 "obj_dir/Vregister4_010_paramlink.tree"
T      5089 10622775  1673167544   945513078  1673167544   945513078 "obj_dir/Vregister4_012_width.tree"
T      4642 10622776  1673167544   945513078  1673167544   945513078 "obj_dir/Vregister4_014_const.tree"
T        87 10622777  1673167544   945513078  1673167544   945513078 "obj_dir/Vregister4_015_assertpre.tree"
T        87 10622778  1673167544   945513078  1673167544   945513078 "obj_dir/Vregister4_016_assert.tree"
T      6793 10622779  1673167544   945513078  1673167544   945513078 "obj_dir/Vregister4_018_const.tree"
T        87 10622780  1673167544   945513078  1673167544   945513078 "obj_dir/Vregister4_023_begin.tree"
T        87 10622781  1673167544   945513078  1673167544   945513078 "obj_dir/Vregister4_024_tristate.tree"
T        87 10622782  1673167544   945513078  1673167544   945513078 "obj_dir/Vregister4_025_unknown.tree"
T      7388 10622783  1673167544   945513078  1673167544   945513078 "obj_dir/Vregister4_026_inline.tree"
T      7051 10622784  1673167544   945513078  1673167544   945513078 "obj_dir/Vregister4_028_const.tree"
T      5754 10622785  1673167544   949513312  1673167544   949513312 "obj_dir/Vregister4_029_deadDtypes.tree"
T        87 10622786  1673167544   949513312  1673167544   949513312 "obj_dir/Vregister4_030_inst.tree"
T        87 10622787  1673167544   949513312  1673167544   949513312 "obj_dir/Vregister4_031_const.tree"
T      9296 10622788  1673167544   949513312  1673167544   949513312 "obj_dir/Vregister4_032_scope.tree"
T      9166 10622789  1673167544   949513312  1673167544   949513312 "obj_dir/Vregister4_033_linkdot.tree"
T        87 10622790  1673167544   949513312  1673167544   949513312 "obj_dir/Vregister4_034_class.tree"
T        87 10622791  1673167544   949513312  1673167544   949513312 "obj_dir/Vregister4_035_const.tree"
T        87 10622792  1673167544   949513312  1673167544   949513312 "obj_dir/Vregister4_036_deadDtypesScoped.tree"
T        87 10622793  1673167544   949513312  1673167544   949513312 "obj_dir/Vregister4_037_case.tree"
T       184 10622794  1673167544   949513312  1673167544   949513312 "obj_dir/Vregister4_038_task_call.dot"
T        87 10622795  1673167544   949513312  1673167544   949513312 "obj_dir/Vregister4_039_task.tree"
T      9241 10622796  1673167544   949513312  1673167544   949513312 "obj_dir/Vregister4_041_unroll.tree"
T        87 10622797  1673167544   949513312  1673167544   949513312 "obj_dir/Vregister4_042_slice.tree"
T        87 10622798  1673167544   949513312  1673167544   949513312 "obj_dir/Vregister4_043_const.tree"
T        87 10622799  1673167544   949513312  1673167544   949513312 "obj_dir/Vregister4_044_life.tree"
T        87 10622800  1673167544   949513312  1673167544   949513312 "obj_dir/Vregister4_045_table.tree"
T        87 10622801  1673167544   949513312  1673167544   949513312 "obj_dir/Vregister4_046_const.tree"
T        87 10622802  1673167544   949513312  1673167544   949513312 "obj_dir/Vregister4_047_deadDtypesScoped.tree"
T      9635 10622803  1673167544   949513312  1673167544   949513312 "obj_dir/Vregister4_048_active.tree"
T     10692 10622804  1673167544   949513312  1673167544   949513312 "obj_dir/Vregister4_049_split.tree"
T        87 10622805  1673167544   949513312  1673167544   949513312 "obj_dir/Vregister4_050_splitas.tree"
T     14668 10622806  1673167544   949513312  1673167544   949513312 "obj_dir/Vregister4_051_tracedecl.tree"
T      3826 10622807  1673167544   949513312  1673167544   949513312 "obj_dir/Vregister4_052_gate_simp.dot"
T      3547 10622808  1673167544   949513312  1673167544   949513312 "obj_dir/Vregister4_053_gate_opt.dot"
T     10221 10622809  1673167544   949513312  1673167544   949513312 "obj_dir/Vregister4_054_gate.tree"
T        87 10622810  1673167544   949513312  1673167544   949513312 "obj_dir/Vregister4_055_const.tree"
T      8684 10622811  1673167544   949513312  1673167544   949513312 "obj_dir/Vregister4_056_deadAllScoped.tree"
T        87 10622812  1673167544   949513312  1673167544   949513312 "obj_dir/Vregister4_057_reorder.tree"
T     10275 10622813  1673167544   953513547  1673167544   953513547 "obj_dir/Vregister4_058_delayed.tree"
T     10446 10622814  1673167544   953513547  1673167544   953513547 "obj_dir/Vregister4_059_activetop.tree"
T      3788 10622815  1673167544   953513547  1673167544   953513547 "obj_dir/Vregister4_060_orderg_pre.dot"
T       138 10622816  1673167544   953513547  1673167544   953513547 "obj_dir/Vregister4_061_acyc_simp.dot"
T      3789 10622817  1673167544   953513547  1673167544   953513547 "obj_dir/Vregister4_062_orderg_acyc.dot"
T      3928 10622818  1673167544   953513547  1673167544   953513547 "obj_dir/Vregister4_063_orderg_order.dot"
T      3929 10622819  1673167544   953513547  1673167544   953513547 "obj_dir/Vregister4_064_orderg_domain.dot"
T      1172 10622820  1673167544   953513547  1673167544   953513547 "obj_dir/Vregister4_065_order_edges.txt"
T      3927 10622821  1673167544   953513547  1673167544   953513547 "obj_dir/Vregister4_066_orderg_done.dot"
T     10677 10622822  1673167544   953513547  1673167544   953513547 "obj_dir/Vregister4_067_order.tree"
T        87 10622823  1673167544   953513547  1673167544   953513547 "obj_dir/Vregister4_068_genclk.tree"
T     12246 10622824  1673167544   953513547  1673167544   953513547 "obj_dir/Vregister4_069_clock.tree"
T        89 10622825  1673167544   953513547  1673167544   953513547 "obj_dir/Vregister4_070_const.tree"
T        89 10622826  1673167544   953513547  1673167544   953513547 "obj_dir/Vregister4_071_life.tree"
T     11621 10622827  1673167544   953513547  1673167544   953513547 "obj_dir/Vregister4_072_life_post.tree"
T     11019 10622828  1673167544   953513547  1673167544   953513547 "obj_dir/Vregister4_073_const.tree"
T     10754 10622829  1673167544   953513547  1673167544   953513547 "obj_dir/Vregister4_074_deadAllScoped.tree"
T     11131 10622830  1673167544   953513547  1673167544   953513547 "obj_dir/Vregister4_075_changed.tree"
T     17895 10622831  1673167544   953513547  1673167544   953513547 "obj_dir/Vregister4_076_trace.tree"
T     14451 10622832  1673167544   957513780  1673167544   957513780 "obj_dir/Vregister4_078_descope.tree"
T        89 10622833  1673167544   957513780  1673167544   957513780 "obj_dir/Vregister4_079_combine.tree"
T     14282 10622834  1673167544   957513780  1673167544   957513780 "obj_dir/Vregister4_080_const.tree"
T     13963 10622835  1673167544   957513780  1673167544   957513780 "obj_dir/Vregister4_081_deadAll.tree"
T     14825 10622836  1673167544   957513780  1673167544   957513780 "obj_dir/Vregister4_082_clean.tree"
T        89 10622837  1673167544   957513780  1673167544   957513780 "obj_dir/Vregister4_083_premit.tree"
T        89 10622838  1673167544   957513780  1673167544   957513780 "obj_dir/Vregister4_084_expand.tree"
T        89 10622839  1673167544   957513780  1673167544   957513780 "obj_dir/Vregister4_085_const_cpp.tree"
T        89 10622840  1673167544   957513780  1673167544   957513780 "obj_dir/Vregister4_086_subst.tree"
T        89 10622841  1673167544   957513780  1673167544   957513780 "obj_dir/Vregister4_087_const_cpp.tree"
T     14707 10622842  1673167544   957513780  1673167544   957513780 "obj_dir/Vregister4_088_deadAll.tree"
T     14888 10622843  1673167544   957513780  1673167544   957513780 "obj_dir/Vregister4_092_cast.tree"
T     18609 10622844  1673167544   957513780  1673167544   957513780 "obj_dir/Vregister4_093_cuse.tree"
T     19441 10622858  1673167544   961514015  1673167544   961514015 "obj_dir/Vregister4_990_final.tree"
T       785 10622845  1673167544   957513780  1673167544   957513780 "obj_dir/Vregister4__Syms.cpp"
T      1133 10622846  1673167544   957513780  1673167544   957513780 "obj_dir/Vregister4__Syms.h"
T      1676 10622850  1673167544   957513780  1673167544   957513780 "obj_dir/Vregister4__Trace.cpp"
T      3236 10622849  1673167544   957513780  1673167544   957513780 "obj_dir/Vregister4__Trace__Slow.cpp"
T      2695 10622853  1673167544   957513780  1673167544   957513780 "obj_dir/Vregister4___024root.cpp"
T       985 10622851  1673167544   957513780  1673167544   957513780 "obj_dir/Vregister4___024root.h"
T      2070 10622852  1673167544   957513780  1673167544   957513780 "obj_dir/Vregister4___024root__Slow.cpp"
T     22998 10622855  1673167544   961514015  1673167544   961514015 "obj_dir/Vregister4__stats.txt"
T      3239 10622859  1673167544   961514015  1673167544   961514015 "obj_dir/Vregister4__ver.d"
T         0        0  1673167544   961514015  1673167544   961514015 "obj_dir/Vregister4__verFiles.dat"
T      1705 10622856  1673167544   961514015  1673167544   961514015 "obj_dir/Vregister4_classes.mk"
T       313 10622769  1673167544   945513078  1673167544   945513078 "obj_dir/Vregister4_register4.vpp"
S       211 10622752  1673166755   855132843  1673166755   855132843 "register4.v"
