# DESCRIPTION: Verilator output: Timestamp data for --skip-identical.  Delete at will.
C "--cc --exe --build --trace --debug register64_sim.cpp register64.v"
S  75996664  1184901  1673012804   619448687  1673012804   619448687 "/usr/local/bin/verilator_bin_dbg"
T      5445 10623154  1673183225   658216596  1673183225   658216596 "obj_dir/Vregister64.cpp"
T      2805 10623153  1673183225   658216596  1673183225   658216596 "obj_dir/Vregister64.h"
T      1883 10623159  1673183225   658216596  1673183225   658216596 "obj_dir/Vregister64.mk"
T     12377 10623492  1673183225   658216596  1673183225   658216596 "obj_dir/Vregister64.xml"
T       139 10623415  1673183225   634216574  1673183225   634216574 "obj_dir/Vregister64_001_linkcells.dot"
T      4306 10623416  1673183225   634216574  1673183225   634216574 "obj_dir/Vregister64_002_cells.tree"
T      4428 10623417  1673183225   634216574  1673183225   634216574 "obj_dir/Vregister64_007_link.tree"
T        87 10623418  1673183225   634216574  1673183225   634216574 "obj_dir/Vregister64_008_linkInc.tree"
T        87 10623419  1673183225   638216577  1673183225   638216577 "obj_dir/Vregister64_010_paramlink.tree"
T      5104 10623420  1673183225   638216577  1673183225   638216577 "obj_dir/Vregister64_012_width.tree"
T      4663 10623421  1673183225   642216581  1673183225   642216581 "obj_dir/Vregister64_014_const.tree"
T        87 10623422  1673183225   642216581  1673183225   642216581 "obj_dir/Vregister64_015_assertpre.tree"
T        87 10623423  1673183225   642216581  1673183225   642216581 "obj_dir/Vregister64_016_assert.tree"
T      6824 10623424  1673183225   642216581  1673183225   642216581 "obj_dir/Vregister64_018_const.tree"
T        87 10623425  1673183225   642216581  1673183225   642216581 "obj_dir/Vregister64_023_begin.tree"
T        87 10623426  1673183225   646216585  1673183225   646216585 "obj_dir/Vregister64_024_tristate.tree"
T        87 10623427  1673183225   646216585  1673183225   646216585 "obj_dir/Vregister64_025_unknown.tree"
T      7432 10623428  1673183225   646216585  1673183225   646216585 "obj_dir/Vregister64_026_inline.tree"
T      7095 10623429  1673183225   646216585  1673183225   646216585 "obj_dir/Vregister64_028_const.tree"
T      5794 10623430  1673183225   646216585  1673183225   646216585 "obj_dir/Vregister64_029_deadDtypes.tree"
T        87 10623431  1673183225   646216585  1673183225   646216585 "obj_dir/Vregister64_030_inst.tree"
T        87 10623432  1673183225   646216585  1673183225   646216585 "obj_dir/Vregister64_031_const.tree"
T      9366 10623433  1673183225   646216585  1673183225   646216585 "obj_dir/Vregister64_032_scope.tree"
T      9234 10623434  1673183225   646216585  1673183225   646216585 "obj_dir/Vregister64_033_linkdot.tree"
T        87 10623435  1673183225   646216585  1673183225   646216585 "obj_dir/Vregister64_034_class.tree"
T        87 10623436  1673183225   646216585  1673183225   646216585 "obj_dir/Vregister64_035_const.tree"
T        87 10623437  1673183225   646216585  1673183225   646216585 "obj_dir/Vregister64_036_deadDtypesScoped.tree"
T        87 10623438  1673183225   646216585  1673183225   646216585 "obj_dir/Vregister64_037_case.tree"
T       185 10623439  1673183225   650216589  1673183225   650216589 "obj_dir/Vregister64_038_task_call.dot"
T        87 10623440  1673183225   650216589  1673183225   650216589 "obj_dir/Vregister64_039_task.tree"
T      9314 10623441  1673183225   650216589  1673183225   650216589 "obj_dir/Vregister64_041_unroll.tree"
T        87 10623442  1673183225   650216589  1673183225   650216589 "obj_dir/Vregister64_042_slice.tree"
T        87 10623443  1673183225   650216589  1673183225   650216589 "obj_dir/Vregister64_043_const.tree"
T        87 10623444  1673183225   650216589  1673183225   650216589 "obj_dir/Vregister64_044_life.tree"
T        87 10623445  1673183225   650216589  1673183225   650216589 "obj_dir/Vregister64_045_table.tree"
T        87 10623446  1673183225   650216589  1673183225   650216589 "obj_dir/Vregister64_046_const.tree"
T        87 10623447  1673183225   650216589  1673183225   650216589 "obj_dir/Vregister64_047_deadDtypesScoped.tree"
T      9708 10623448  1673183225   650216589  1673183225   650216589 "obj_dir/Vregister64_048_active.tree"
T     10765 10623449  1673183225   650216589  1673183225   650216589 "obj_dir/Vregister64_049_split.tree"
T        87 10623450  1673183225   650216589  1673183225   650216589 "obj_dir/Vregister64_050_splitas.tree"
T     14777 10623451  1673183225   650216589  1673183225   650216589 "obj_dir/Vregister64_051_tracedecl.tree"
T      3832 10623452  1673183225   650216589  1673183225   650216589 "obj_dir/Vregister64_052_gate_simp.dot"
T      3553 10623453  1673183225   650216589  1673183225   650216589 "obj_dir/Vregister64_053_gate_opt.dot"
T     10286 10623454  1673183225   650216589  1673183225   650216589 "obj_dir/Vregister64_054_gate.tree"
T        87 10623455  1673183225   650216589  1673183225   650216589 "obj_dir/Vregister64_055_const.tree"
T      8728 10623456  1673183225   650216589  1673183225   650216589 "obj_dir/Vregister64_056_deadAllScoped.tree"
T        87 10623457  1673183225   650216589  1673183225   650216589 "obj_dir/Vregister64_057_reorder.tree"
T     10336 10623458  1673183225   650216589  1673183225   650216589 "obj_dir/Vregister64_058_delayed.tree"
T     10507 10623459  1673183225   650216589  1673183225   650216589 "obj_dir/Vregister64_059_activetop.tree"
T      3789 10623460  1673183225   650216589  1673183225   650216589 "obj_dir/Vregister64_060_orderg_pre.dot"
T       139 10623461  1673183225   650216589  1673183225   650216589 "obj_dir/Vregister64_061_acyc_simp.dot"
T      3790 10623462  1673183225   650216589  1673183225   650216589 "obj_dir/Vregister64_062_orderg_acyc.dot"
T      3929 10623463  1673183225   650216589  1673183225   650216589 "obj_dir/Vregister64_063_orderg_order.dot"
T      3930 10623464  1673183225   654216592  1673183225   654216592 "obj_dir/Vregister64_064_orderg_domain.dot"
T      1172 10623465  1673183225   654216592  1673183225   654216592 "obj_dir/Vregister64_065_order_edges.txt"
T      3928 10623466  1673183225   654216592  1673183225   654216592 "obj_dir/Vregister64_066_orderg_done.dot"
T     10738 10623467  1673183225   654216592  1673183225   654216592 "obj_dir/Vregister64_067_order.tree"
T        87 10623468  1673183225   654216592  1673183225   654216592 "obj_dir/Vregister64_068_genclk.tree"
T     12307 10623469  1673183225   654216592  1673183225   654216592 "obj_dir/Vregister64_069_clock.tree"
T        89 10623470  1673183225   654216592  1673183225   654216592 "obj_dir/Vregister64_070_const.tree"
T        89 10623471  1673183225   654216592  1673183225   654216592 "obj_dir/Vregister64_071_life.tree"
T     11675 10623472  1673183225   654216592  1673183225   654216592 "obj_dir/Vregister64_072_life_post.tree"
T     11066 10623473  1673183225   654216592  1673183225   654216592 "obj_dir/Vregister64_073_const.tree"
T     10798 10623474  1673183225   654216592  1673183225   654216592 "obj_dir/Vregister64_074_deadAllScoped.tree"
T     11175 10623475  1673183225   654216592  1673183225   654216592 "obj_dir/Vregister64_075_changed.tree"
T     17956 10623476  1673183225   654216592  1673183225   654216592 "obj_dir/Vregister64_076_trace.tree"
T     14501 10623477  1673183225   654216592  1673183225   654216592 "obj_dir/Vregister64_078_descope.tree"
T        89 10623478  1673183225   654216592  1673183225   654216592 "obj_dir/Vregister64_079_combine.tree"
T     14332 10623479  1673183225   654216592  1673183225   654216592 "obj_dir/Vregister64_080_const.tree"
T     14013 10623480  1673183225   654216592  1673183225   654216592 "obj_dir/Vregister64_081_deadAll.tree"
T     14588 10623481  1673183225   654216592  1673183225   654216592 "obj_dir/Vregister64_082_clean.tree"
T        89 10623482  1673183225   654216592  1673183225   654216592 "obj_dir/Vregister64_083_premit.tree"
T        89 10623483  1673183225   658216596  1673183225   658216596 "obj_dir/Vregister64_084_expand.tree"
T        89 10623484  1673183225   658216596  1673183225   658216596 "obj_dir/Vregister64_085_const_cpp.tree"
T        89 10623485  1673183225   658216596  1673183225   658216596 "obj_dir/Vregister64_086_subst.tree"
T        89 10623486  1673183225   658216596  1673183225   658216596 "obj_dir/Vregister64_087_const_cpp.tree"
T     14482 10623487  1673183225   658216596  1673183225   658216596 "obj_dir/Vregister64_088_deadAll.tree"
T     14663 10623488  1673183225   658216596  1673183225   658216596 "obj_dir/Vregister64_092_cast.tree"
T     17860 10623489  1673183225   658216596  1673183225   658216596 "obj_dir/Vregister64_093_cuse.tree"
T     18693 10623494  1673183225   662216600  1673183225   662216600 "obj_dir/Vregister64_990_final.tree"
T       793 10623151  1673183225   658216596  1673183225   658216596 "obj_dir/Vregister64__Syms.cpp"
T      1142 10623152  1673183225   658216596  1673183225   658216596 "obj_dir/Vregister64__Syms.h"
T      1693 10623491  1673183225   658216596  1673183225   658216596 "obj_dir/Vregister64__Trace.cpp"
T      3280 10623490  1673183225   658216596  1673183225   658216596 "obj_dir/Vregister64__Trace__Slow.cpp"
T      2635 10623157  1673183225   658216596  1673183225   658216596 "obj_dir/Vregister64___024root.cpp"
T      1000 10623155  1673183225   658216596  1673183225   658216596 "obj_dir/Vregister64___024root.h"
T      2100 10623156  1673183225   658216596  1673183225   658216596 "obj_dir/Vregister64___024root__Slow.cpp"
T     23000 10623493  1673183225   658216596  1673183225   658216596 "obj_dir/Vregister64__stats.txt"
T      3332 10623160  1673183225   662216600  1673183225   662216600 "obj_dir/Vregister64__ver.d"
T         0        0  1673183225   662216600  1673183225   662216600 "obj_dir/Vregister64__verFiles.dat"
T      1712 10623158  1673183225   658216596  1673183225   658216596 "obj_dir/Vregister64_classes.mk"
T       319 10623414  1673183225   630216570  1673183225   630216570 "obj_dir/Vregister64_register64.vpp"
S       214 10623146  1673174843   729160389  1673174843   729160389 "register64.v"
