# DESCRIPTION: Verilator output: Timestamp data for --skip-identical.  Delete at will.
C "--cc --exe --build --trace --debug add_datastream_2_sim.cpp add_datastream_2.v"
S  96767328  5510302  1670255541   846965845  1670255541   846965845 "/usr/local/bin/verilator_bin_dbg"
S       139  9313845  1670676921   996232631  1670676921   996232631 "add_datastream_2.v"
T      5334  9313926  1670677020   409074245  1670677020   409074245 "obj_dir/Vadd_datastream_2.cpp"
T      3083  9313925  1670677020   409074245  1670677020   409074245 "obj_dir/Vadd_datastream_2.h"
T      1937  9313938  1670677020   409074245  1670677020   409074245 "obj_dir/Vadd_datastream_2.mk"
T     31353  9313935  1670677020   409074245  1670677020   409074245 "obj_dir/Vadd_datastream_2.xml"
T      2265  9313856  1670677020   389073269  1670677020   389073269 "obj_dir/Vadd_datastream_2_001_cells.tree"
T      2338  9313857  1670677020   389073269  1670677020   389073269 "obj_dir/Vadd_datastream_2_006_linkjump.tree"
T        87  9313858  1670677020   389073269  1670677020   389073269 "obj_dir/Vadd_datastream_2_007_linkinc.tree"
T      2331  9313859  1670677020   389073269  1670677020   389073269 "obj_dir/Vadd_datastream_2_009_linkdotparam.tree"
T      2115  9313860  1670677020   389073269  1670677020   389073269 "obj_dir/Vadd_datastream_2_011_width.tree"
T      1997  9313861  1670677020   389073269  1670677020   389073269 "obj_dir/Vadd_datastream_2_013_const.tree"
T        87  9313862  1670677020   389073269  1670677020   389073269 "obj_dir/Vadd_datastream_2_014_assertpre.tree"
T        87  9313863  1670677020   389073269  1670677020   389073269 "obj_dir/Vadd_datastream_2_015_assert.tree"
T      3500  9313864  1670677020   389073269  1670677020   389073269 "obj_dir/Vadd_datastream_2_017_const.tree"
T        87  9313865  1670677020   389073269  1670677020   389073269 "obj_dir/Vadd_datastream_2_022_begin.tree"
T        87  9313866  1670677020   389073269  1670677020   389073269 "obj_dir/Vadd_datastream_2_023_tristate.tree"
T        87  9313867  1670677020   389073269  1670677020   389073269 "obj_dir/Vadd_datastream_2_024_unknown.tree"
T        87  9313868  1670677020   389073269  1670677020   389073269 "obj_dir/Vadd_datastream_2_025_dfg-extract.tree"
T      3696  9313869  1670677020   393073464  1670677020   393073464 "obj_dir/Vadd_datastream_2_026_dfg-optimize.tree"
T      4037  9313870  1670677020   393073464  1670677020   393073464 "obj_dir/Vadd_datastream_2_027_inline.tree"
T      4071  9313871  1670677020   393073464  1670677020   393073464 "obj_dir/Vadd_datastream_2_029_dfg-optimize.tree"
T        87  9313872  1670677020   393073464  1670677020   393073464 "obj_dir/Vadd_datastream_2_030_const.tree"
T      3464  9313873  1670677020   393073464  1670677020   393073464 "obj_dir/Vadd_datastream_2_031_deadDtypes.tree"
T        87  9313874  1670677020   393073464  1670677020   393073464 "obj_dir/Vadd_datastream_2_032_inst.tree"
T        87  9313875  1670677020   393073464  1670677020   393073464 "obj_dir/Vadd_datastream_2_033_const.tree"
T      6107  9313876  1670677020   393073464  1670677020   393073464 "obj_dir/Vadd_datastream_2_034_scope.tree"
T      5976  9313877  1670677020   393073464  1670677020   393073464 "obj_dir/Vadd_datastream_2_035_linkdot.tree"
T        87  9313878  1670677020   393073464  1670677020   393073464 "obj_dir/Vadd_datastream_2_036_class.tree"
T        87  9313879  1670677020   393073464  1670677020   393073464 "obj_dir/Vadd_datastream_2_037_const.tree"
T        87  9313880  1670677020   393073464  1670677020   393073464 "obj_dir/Vadd_datastream_2_038_deadDtypesScoped.tree"
T        87  9313881  1670677020   393073464  1670677020   393073464 "obj_dir/Vadd_datastream_2_039_case.tree"
T        87  9313882  1670677020   393073464  1670677020   393073464 "obj_dir/Vadd_datastream_2_040_task.tree"
T      6040  9313883  1670677020   393073464  1670677020   393073464 "obj_dir/Vadd_datastream_2_042_unroll.tree"
T        87  9313884  1670677020   393073464  1670677020   393073464 "obj_dir/Vadd_datastream_2_043_slice.tree"
T        87  9313885  1670677020   393073464  1670677020   393073464 "obj_dir/Vadd_datastream_2_044_const.tree"
T        87  9313886  1670677020   393073464  1670677020   393073464 "obj_dir/Vadd_datastream_2_045_life.tree"
T        87  9313887  1670677020   393073464  1670677020   393073464 "obj_dir/Vadd_datastream_2_046_table.tree"
T        87  9313888  1670677020   393073464  1670677020   393073464 "obj_dir/Vadd_datastream_2_047_const.tree"
T        87  9313889  1670677020   393073464  1670677020   393073464 "obj_dir/Vadd_datastream_2_048_deadDtypesScoped.tree"
T      6278  9313890  1670677020   393073464  1670677020   393073464 "obj_dir/Vadd_datastream_2_049_active.tree"
T        87  9313891  1670677020   393073464  1670677020   393073464 "obj_dir/Vadd_datastream_2_050_split.tree"
T        87  9313892  1670677020   393073464  1670677020   393073464 "obj_dir/Vadd_datastream_2_051_splitas.tree"
T      9461  9313893  1670677020   393073464  1670677020   393073464 "obj_dir/Vadd_datastream_2_052_tracedecl.tree"
T      7096  9313894  1670677020   393073464  1670677020   393073464 "obj_dir/Vadd_datastream_2_053_gate.tree"
T        87  9313895  1670677020   393073464  1670677020   393073464 "obj_dir/Vadd_datastream_2_054_const.tree"
T      6012  9313896  1670677020   393073464  1670677020   393073464 "obj_dir/Vadd_datastream_2_055_deadAllScoped.tree"
T        87  9313897  1670677020   393073464  1670677020   393073464 "obj_dir/Vadd_datastream_2_056_reorder.tree"
T        87  9313898  1670677020   393073464  1670677020   393073464 "obj_dir/Vadd_datastream_2_057_delayed.tree"
T      6004  9313899  1670677020   393073464  1670677020   393073464 "obj_dir/Vadd_datastream_2_058_activetop.tree"
T     47959  9313900  1670677020   397073660  1670677020   397073660 "obj_dir/Vadd_datastream_2_059_sched.tree"
T     45312  9313901  1670677020   397073660  1670677020   397073660 "obj_dir/Vadd_datastream_2_060_clock.tree"
T     45691  9313902  1670677020   397073660  1670677020   397073660 "obj_dir/Vadd_datastream_2_061_const.tree"
T        89  9313903  1670677020   397073660  1670677020   397073660 "obj_dir/Vadd_datastream_2_062_life.tree"
T        89  9313904  1670677020   397073660  1670677020   397073660 "obj_dir/Vadd_datastream_2_063_life_post.tree"
T     46226  9313905  1670677020   397073660  1670677020   397073660 "obj_dir/Vadd_datastream_2_064_const.tree"
T        89  9313906  1670677020   397073660  1670677020   397073660 "obj_dir/Vadd_datastream_2_065_deadAllScoped.tree"
T     52586  9313907  1670677020   397073660  1670677020   397073660 "obj_dir/Vadd_datastream_2_066_trace.tree"
T     40584  9313908  1670677020   401073855  1670677020   401073855 "obj_dir/Vadd_datastream_2_068_descope.tree"
T     39725  9313909  1670677020   401073855  1670677020   401073855 "obj_dir/Vadd_datastream_2_069_combine.tree"
T     39587  9313910  1670677020   401073855  1670677020   401073855 "obj_dir/Vadd_datastream_2_070_const.tree"
T     38786  9313911  1670677020   401073855  1670677020   401073855 "obj_dir/Vadd_datastream_2_071_deadAll.tree"
T     40618  9313912  1670677020   401073855  1670677020   401073855 "obj_dir/Vadd_datastream_2_072_clean.tree"
T     42897  9313913  1670677020   401073855  1670677020   401073855 "obj_dir/Vadd_datastream_2_073_premit.tree"
T        89  9313914  1670677020   401073855  1670677020   401073855 "obj_dir/Vadd_datastream_2_074_expand.tree"
T        89  9313915  1670677020   401073855  1670677020   401073855 "obj_dir/Vadd_datastream_2_075_const_cpp.tree"
T     40922  9313916  1670677020   405074050  1670677020   405074050 "obj_dir/Vadd_datastream_2_076_subst.tree"
T        89  9313917  1670677020   405074050  1670677020   405074050 "obj_dir/Vadd_datastream_2_077_const_cpp.tree"
T     40315  9313918  1670677020   405074050  1670677020   405074050 "obj_dir/Vadd_datastream_2_078_deadAll.tree"
T     41241  9313919  1670677020   405074050  1670677020   405074050 "obj_dir/Vadd_datastream_2_082_cast.tree"
T     44312  9313920  1670677020   405074050  1670677020   405074050 "obj_dir/Vadd_datastream_2_083_common.tree"
T     44393  9313921  1670677020   405074050  1670677020   405074050 "obj_dir/Vadd_datastream_2_084_variableorder.tree"
T        89  9313922  1670677020   405074050  1670677020   405074050 "obj_dir/Vadd_datastream_2_085_cuse.tree"
T     45684  9313939  1670677020   409074245  1670677020   409074245 "obj_dir/Vadd_datastream_2_990_final.tree"
T       842  9313923  1670677020   405074050  1670677020   405074050 "obj_dir/Vadd_datastream_2__Syms.cpp"
T      1190  9313924  1670677020   405074050  1670677020   405074050 "obj_dir/Vadd_datastream_2__Syms.h"
T      1952  9313934  1670677020   409074245  1670677020   409074245 "obj_dir/Vadd_datastream_2__Trace__0.cpp"
T      3522  9313933  1670677020   409074245  1670677020   409074245 "obj_dir/Vadd_datastream_2__Trace__0__Slow.cpp"
T      1145  9313927  1670677020   409074245  1670677020   409074245 "obj_dir/Vadd_datastream_2___024root.h"
T      1578  9313931  1670677020   409074245  1670677020   409074245 "obj_dir/Vadd_datastream_2___024root__DepSet_h1bbf6b31__0.cpp"
T       963  9313929  1670677020   409074245  1670677020   409074245 "obj_dir/Vadd_datastream_2___024root__DepSet_h1bbf6b31__0__Slow.cpp"
T      5643  9313932  1670677020   409074245  1670677020   409074245 "obj_dir/Vadd_datastream_2___024root__DepSet_hefa9aafa__0.cpp"
T      6092  9313930  1670677020   409074245  1670677020   409074245 "obj_dir/Vadd_datastream_2___024root__DepSet_hefa9aafa__0__Slow.cpp"
T       764  9313928  1670677020   409074245  1670677020   409074245 "obj_dir/Vadd_datastream_2___024root__Slow.cpp"
T     55853  9313936  1670677020   409074245  1670677020   409074245 "obj_dir/Vadd_datastream_2__stats.txt"
T      3773  9313940  1670677020   413074441  1670677020   413074441 "obj_dir/Vadd_datastream_2__ver.d"
T         0        0  1670677020   413074441  1670677020   413074441 "obj_dir/Vadd_datastream_2__verFiles.dat"
T       261  9313855  1670677020   389073269  1670677020   389073269 "obj_dir/Vadd_datastream_2_add_datastream_2.v.vpp"
T      1812  9313937  1670677020   409074245  1670677020   409074245 "obj_dir/Vadd_datastream_2_classes.mk"
