# DESCRIPTION: Verilator output: Timestamp data for --skip-identical.  Delete at will.
C "--cc --exe --build --debug --trace decode_5to32_case_sim.cpp decode_5to32_case.v"
S  96767328  5510302  1670255541   846965845  1670255541   846965845 "/usr/local/bin/verilator_bin_dbg"
S      2540  9183619  1670484531   325827998  1670484531   325827998 "decode_5to32_case.v"
T      5366  9183694  1670485108    91445006  1670485108    91445006 "obj_dir/Vdecode_5to32_case.cpp"
T      3085  9183693  1670485108    91445006  1670485108    91445006 "obj_dir/Vdecode_5to32_case.h"
T      1946  9183706  1670485108    95445241  1670485108    95445241 "obj_dir/Vdecode_5to32_case.mk"
T     36826  9183703  1670485108    91445006  1670485108    91445006 "obj_dir/Vdecode_5to32_case.xml"
T     16137  9183623  1670485108    59443121  1670485108    59443121 "obj_dir/Vdecode_5to32_case_001_cells.tree"
T     17921  9183624  1670485108    59443121  1670485108    59443121 "obj_dir/Vdecode_5to32_case_006_linkjump.tree"
T        87  9183625  1670485108    59443121  1670485108    59443121 "obj_dir/Vdecode_5to32_case_007_linkinc.tree"
T     17842  9183626  1670485108    59443121  1670485108    59443121 "obj_dir/Vdecode_5to32_case_009_linkdotparam.tree"
T     19800  9183627  1670485108    63443356  1670485108    63443356 "obj_dir/Vdecode_5to32_case_011_width.tree"
T     19518  9183628  1670485108    63443356  1670485108    63443356 "obj_dir/Vdecode_5to32_case_013_const.tree"
T        89  9183629  1670485108    63443356  1670485108    63443356 "obj_dir/Vdecode_5to32_case_014_assertpre.tree"
T        89  9183630  1670485108    63443356  1670485108    63443356 "obj_dir/Vdecode_5to32_case_015_assert.tree"
T     20942  9183631  1670485108    63443356  1670485108    63443356 "obj_dir/Vdecode_5to32_case_017_const.tree"
T     20547  9183632  1670485108    63443356  1670485108    63443356 "obj_dir/Vdecode_5to32_case_022_begin.tree"
T        89  9183633  1670485108    63443356  1670485108    63443356 "obj_dir/Vdecode_5to32_case_023_tristate.tree"
T        89  9183634  1670485108    63443356  1670485108    63443356 "obj_dir/Vdecode_5to32_case_024_unknown.tree"
T        89  9183635  1670485108    63443356  1670485108    63443356 "obj_dir/Vdecode_5to32_case_025_dfg-extract.tree"
T     20804  9183636  1670485108    63443356  1670485108    63443356 "obj_dir/Vdecode_5to32_case_026_dfg-optimize.tree"
T     21260  9183637  1670485108    63443356  1670485108    63443356 "obj_dir/Vdecode_5to32_case_027_inline.tree"
T     21535  9183638  1670485108    63443356  1670485108    63443356 "obj_dir/Vdecode_5to32_case_029_dfg-optimize.tree"
T     21254  9183639  1670485108    67443592  1670485108    67443592 "obj_dir/Vdecode_5to32_case_030_const.tree"
T     20687  9183640  1670485108    67443592  1670485108    67443592 "obj_dir/Vdecode_5to32_case_031_deadDtypes.tree"
T        89  9183641  1670485108    67443592  1670485108    67443592 "obj_dir/Vdecode_5to32_case_032_inst.tree"
T        89  9183642  1670485108    67443592  1670485108    67443592 "obj_dir/Vdecode_5to32_case_033_const.tree"
T     27580  9183643  1670485108    67443592  1670485108    67443592 "obj_dir/Vdecode_5to32_case_034_scope.tree"
T     27412  9183644  1670485108    67443592  1670485108    67443592 "obj_dir/Vdecode_5to32_case_035_linkdot.tree"
T        89  9183645  1670485108    67443592  1670485108    67443592 "obj_dir/Vdecode_5to32_case_036_class.tree"
T        89  9183646  1670485108    67443592  1670485108    67443592 "obj_dir/Vdecode_5to32_case_037_const.tree"
T        89  9183647  1670485108    67443592  1670485108    67443592 "obj_dir/Vdecode_5to32_case_038_deadDtypesScoped.tree"
T     49314  9183648  1670485108    67443592  1670485108    67443592 "obj_dir/Vdecode_5to32_case_039_case.tree"
T        89  9183649  1670485108    67443592  1670485108    67443592 "obj_dir/Vdecode_5to32_case_040_task.tree"
T     48899  9183650  1670485108    71443828  1670485108    71443828 "obj_dir/Vdecode_5to32_case_042_unroll.tree"
T        89  9183651  1670485108    71443828  1670485108    71443828 "obj_dir/Vdecode_5to32_case_043_slice.tree"
T     31868  9183652  1670485108    71443828  1670485108    71443828 "obj_dir/Vdecode_5to32_case_044_const.tree"
T        89  9183653  1670485108    71443828  1670485108    71443828 "obj_dir/Vdecode_5to32_case_045_life.tree"
T     25314  9183654  1670485108    71443828  1670485108    71443828 "obj_dir/Vdecode_5to32_case_046_table.tree"
T        89  9183655  1670485108    71443828  1670485108    71443828 "obj_dir/Vdecode_5to32_case_047_const.tree"
T     15443  9183656  1670485108    71443828  1670485108    71443828 "obj_dir/Vdecode_5to32_case_048_deadDtypesScoped.tree"
T     14967  9183657  1670485108    71443828  1670485108    71443828 "obj_dir/Vdecode_5to32_case_049_active.tree"
T        89  9183658  1670485108    71443828  1670485108    71443828 "obj_dir/Vdecode_5to32_case_050_split.tree"
T        89  9183659  1670485108    71443828  1670485108    71443828 "obj_dir/Vdecode_5to32_case_051_splitas.tree"
T     18098  9183660  1670485108    71443828  1670485108    71443828 "obj_dir/Vdecode_5to32_case_052_tracedecl.tree"
T     15745  9183661  1670485108    71443828  1670485108    71443828 "obj_dir/Vdecode_5to32_case_053_gate.tree"
T        89  9183662  1670485108    71443828  1670485108    71443828 "obj_dir/Vdecode_5to32_case_054_const.tree"
T     14346  9183663  1670485108    71443828  1670485108    71443828 "obj_dir/Vdecode_5to32_case_055_deadAllScoped.tree"
T        89  9183664  1670485108    75444064  1670485108    75444064 "obj_dir/Vdecode_5to32_case_056_reorder.tree"
T        89  9183665  1670485108    75444064  1670485108    75444064 "obj_dir/Vdecode_5to32_case_057_delayed.tree"
T     14338  9183666  1670485108    75444064  1670485108    75444064 "obj_dir/Vdecode_5to32_case_058_activetop.tree"
T     56750  9183667  1670485108    75444064  1670485108    75444064 "obj_dir/Vdecode_5to32_case_059_sched.tree"
T     54088  9183668  1670485108    75444064  1670485108    75444064 "obj_dir/Vdecode_5to32_case_060_clock.tree"
T     54453  9183669  1670485108    75444064  1670485108    75444064 "obj_dir/Vdecode_5to32_case_061_const.tree"
T        89  9183670  1670485108    75444064  1670485108    75444064 "obj_dir/Vdecode_5to32_case_062_life.tree"
T        89  9183671  1670485108    79444299  1670485108    79444299 "obj_dir/Vdecode_5to32_case_063_life_post.tree"
T     55044  9183672  1670485108    79444299  1670485108    79444299 "obj_dir/Vdecode_5to32_case_064_const.tree"
T        89  9183673  1670485108    79444299  1670485108    79444299 "obj_dir/Vdecode_5to32_case_065_deadAllScoped.tree"
T     61344  9183674  1670485108    79444299  1670485108    79444299 "obj_dir/Vdecode_5to32_case_066_trace.tree"
T     48318  9183675  1670485108    79444299  1670485108    79444299 "obj_dir/Vdecode_5to32_case_068_descope.tree"
T     46596  9183676  1670485108    83444535  1670485108    83444535 "obj_dir/Vdecode_5to32_case_069_combine.tree"
T     46458  9183677  1670485108    83444535  1670485108    83444535 "obj_dir/Vdecode_5to32_case_070_const.tree"
T     45562  9183678  1670485108    83444535  1670485108    83444535 "obj_dir/Vdecode_5to32_case_071_deadAll.tree"
T     47408  9183679  1670485108    83444535  1670485108    83444535 "obj_dir/Vdecode_5to32_case_072_clean.tree"
T     49686  9183680  1670485108    83444535  1670485108    83444535 "obj_dir/Vdecode_5to32_case_073_premit.tree"
T     49823  9183681  1670485108    87444770  1670485108    87444770 "obj_dir/Vdecode_5to32_case_074_expand.tree"
T        89  9183682  1670485108    87444770  1670485108    87444770 "obj_dir/Vdecode_5to32_case_075_const_cpp.tree"
T     47875  9183683  1670485108    87444770  1670485108    87444770 "obj_dir/Vdecode_5to32_case_076_subst.tree"
T        89  9183684  1670485108    87444770  1670485108    87444770 "obj_dir/Vdecode_5to32_case_077_const_cpp.tree"
T     47242  9183685  1670485108    87444770  1670485108    87444770 "obj_dir/Vdecode_5to32_case_078_deadAll.tree"
T     48166  9183686  1670485108    87444770  1670485108    87444770 "obj_dir/Vdecode_5to32_case_082_cast.tree"
T     51237  9183687  1670485108    91445006  1670485108    91445006 "obj_dir/Vdecode_5to32_case_083_common.tree"
T     51274  9183688  1670485108    91445006  1670485108    91445006 "obj_dir/Vdecode_5to32_case_084_variableorder.tree"
T        89  9183689  1670485108    91445006  1670485108    91445006 "obj_dir/Vdecode_5to32_case_085_cuse.tree"
T     52732  9183707  1670485108    95445241  1670485108    95445241 "obj_dir/Vdecode_5to32_case_990_final.tree"
T      1097  9183692  1670485108    91445006  1670485108    91445006 "obj_dir/Vdecode_5to32_case__ConstPool_0.cpp"
T       850  9183690  1670485108    91445006  1670485108    91445006 "obj_dir/Vdecode_5to32_case__Syms.cpp"
T      1199  9183691  1670485108    91445006  1670485108    91445006 "obj_dir/Vdecode_5to32_case__Syms.h"
T      1958  9183702  1670485108    91445006  1670485108    91445006 "obj_dir/Vdecode_5to32_case__Trace__0.cpp"
T      3517  9183701  1670485108    91445006  1670485108    91445006 "obj_dir/Vdecode_5to32_case__Trace__0__Slow.cpp"
T      1146  9183695  1670485108    91445006  1670485108    91445006 "obj_dir/Vdecode_5to32_case___024root.h"
T      1595  9183699  1670485108    91445006  1670485108    91445006 "obj_dir/Vdecode_5to32_case___024root__DepSet_h30d20a4a__0.cpp"
T       973  9183697  1670485108    91445006  1670485108    91445006 "obj_dir/Vdecode_5to32_case___024root__DepSet_h30d20a4a__0__Slow.cpp"
T      5902  9183700  1670485108    91445006  1670485108    91445006 "obj_dir/Vdecode_5to32_case___024root__DepSet_h9a703825__0.cpp"
T      6139  9183698  1670485108    91445006  1670485108    91445006 "obj_dir/Vdecode_5to32_case___024root__DepSet_h9a703825__0__Slow.cpp"
T       776  9183696  1670485108    91445006  1670485108    91445006 "obj_dir/Vdecode_5to32_case___024root__Slow.cpp"
T     57428  9183704  1670485108    95445241  1670485108    95445241 "obj_dir/Vdecode_5to32_case__stats.txt"
T      3905  9183708  1670485108    95445241  1670485108    95445241 "obj_dir/Vdecode_5to32_case__ver.d"
T         0        0  1670485108    95445241  1670485108    95445241 "obj_dir/Vdecode_5to32_case__verFiles.dat"
T      1857  9183705  1670485108    95445241  1670485108    95445241 "obj_dir/Vdecode_5to32_case_classes.mk"
T      2664  9183622  1670485108    59443121  1670485108    59443121 "obj_dir/Vdecode_5to32_case_decode_5to32_case.v.vpp"
