# DESCRIPTION: Verilator output: Timestamp data for --skip-identical.  Delete at will.
C "--cc --exe --build --trace --debug add_datastream_1_sim.cpp add_datastream_1.v"
S  96767328  5510302  1670255541   846965845  1670255541   846965845 "/usr/local/bin/verilator_bin_dbg"
S       139  9313732  1670676100   466068825  1670676100   466068825 "add_datastream_1.v"
T      5334  9313814  1670676399   508595537  1670676399   508595537 "obj_dir/Vadd_datastream_1.cpp"
T      3083  9313813  1670676399   508595537  1670676399   508595537 "obj_dir/Vadd_datastream_1.h"
T      1937  9313826  1670676399   512595768  1670676399   512595768 "obj_dir/Vadd_datastream_1.mk"
T     31260  9313823  1670676399   508595537  1670676399   508595537 "obj_dir/Vadd_datastream_1.xml"
T      2265  9313744  1670676399   488594387  1670676399   488594387 "obj_dir/Vadd_datastream_1_001_cells.tree"
T      2338  9313745  1670676399   488594387  1670676399   488594387 "obj_dir/Vadd_datastream_1_006_linkjump.tree"
T        87  9313746  1670676399   488594387  1670676399   488594387 "obj_dir/Vadd_datastream_1_007_linkinc.tree"
T      2331  9313747  1670676399   492594617  1670676399   492594617 "obj_dir/Vadd_datastream_1_009_linkdotparam.tree"
T      2091  9313748  1670676399   492594617  1670676399   492594617 "obj_dir/Vadd_datastream_1_011_width.tree"
T      1985  9313749  1670676399   492594617  1670676399   492594617 "obj_dir/Vadd_datastream_1_013_const.tree"
T        87  9313750  1670676399   492594617  1670676399   492594617 "obj_dir/Vadd_datastream_1_014_assertpre.tree"
T        87  9313751  1670676399   492594617  1670676399   492594617 "obj_dir/Vadd_datastream_1_015_assert.tree"
T      3488  9313752  1670676399   492594617  1670676399   492594617 "obj_dir/Vadd_datastream_1_017_const.tree"
T        87  9313753  1670676399   492594617  1670676399   492594617 "obj_dir/Vadd_datastream_1_022_begin.tree"
T        87  9313754  1670676399   492594617  1670676399   492594617 "obj_dir/Vadd_datastream_1_023_tristate.tree"
T        87  9313755  1670676399   492594617  1670676399   492594617 "obj_dir/Vadd_datastream_1_024_unknown.tree"
T        87  9313756  1670676399   492594617  1670676399   492594617 "obj_dir/Vadd_datastream_1_025_dfg-extract.tree"
T      3684  9313757  1670676399   492594617  1670676399   492594617 "obj_dir/Vadd_datastream_1_026_dfg-optimize.tree"
T      4025  9313758  1670676399   492594617  1670676399   492594617 "obj_dir/Vadd_datastream_1_027_inline.tree"
T      4059  9313759  1670676399   492594617  1670676399   492594617 "obj_dir/Vadd_datastream_1_029_dfg-optimize.tree"
T        87  9313760  1670676399   492594617  1670676399   492594617 "obj_dir/Vadd_datastream_1_030_const.tree"
T      3464  9313761  1670676399   492594617  1670676399   492594617 "obj_dir/Vadd_datastream_1_031_deadDtypes.tree"
T        87  9313762  1670676399   492594617  1670676399   492594617 "obj_dir/Vadd_datastream_1_032_inst.tree"
T        87  9313763  1670676399   492594617  1670676399   492594617 "obj_dir/Vadd_datastream_1_033_const.tree"
T      6107  9313764  1670676399   492594617  1670676399   492594617 "obj_dir/Vadd_datastream_1_034_scope.tree"
T      5976  9313765  1670676399   492594617  1670676399   492594617 "obj_dir/Vadd_datastream_1_035_linkdot.tree"
T        87  9313766  1670676399   492594617  1670676399   492594617 "obj_dir/Vadd_datastream_1_036_class.tree"
T        87  9313767  1670676399   492594617  1670676399   492594617 "obj_dir/Vadd_datastream_1_037_const.tree"
T        87  9313768  1670676399   492594617  1670676399   492594617 "obj_dir/Vadd_datastream_1_038_deadDtypesScoped.tree"
T        87  9313769  1670676399   492594617  1670676399   492594617 "obj_dir/Vadd_datastream_1_039_case.tree"
T        87  9313770  1670676399   492594617  1670676399   492594617 "obj_dir/Vadd_datastream_1_040_task.tree"
T      6040  9313771  1670676399   492594617  1670676399   492594617 "obj_dir/Vadd_datastream_1_042_unroll.tree"
T        87  9313772  1670676399   492594617  1670676399   492594617 "obj_dir/Vadd_datastream_1_043_slice.tree"
T        87  9313773  1670676399   492594617  1670676399   492594617 "obj_dir/Vadd_datastream_1_044_const.tree"
T        87  9313774  1670676399   492594617  1670676399   492594617 "obj_dir/Vadd_datastream_1_045_life.tree"
T        87  9313775  1670676399   492594617  1670676399   492594617 "obj_dir/Vadd_datastream_1_046_table.tree"
T        87  9313776  1670676399   492594617  1670676399   492594617 "obj_dir/Vadd_datastream_1_047_const.tree"
T        87  9313777  1670676399   492594617  1670676399   492594617 "obj_dir/Vadd_datastream_1_048_deadDtypesScoped.tree"
T      6278  9313778  1670676399   492594617  1670676399   492594617 "obj_dir/Vadd_datastream_1_049_active.tree"
T        87  9313779  1670676399   492594617  1670676399   492594617 "obj_dir/Vadd_datastream_1_050_split.tree"
T        87  9313780  1670676399   492594617  1670676399   492594617 "obj_dir/Vadd_datastream_1_051_splitas.tree"
T      9461  9313781  1670676399   492594617  1670676399   492594617 "obj_dir/Vadd_datastream_1_052_tracedecl.tree"
T      7096  9313782  1670676399   492594617  1670676399   492594617 "obj_dir/Vadd_datastream_1_053_gate.tree"
T        87  9313783  1670676399   492594617  1670676399   492594617 "obj_dir/Vadd_datastream_1_054_const.tree"
T      6012  9313784  1670676399   492594617  1670676399   492594617 "obj_dir/Vadd_datastream_1_055_deadAllScoped.tree"
T        87  9313785  1670676399   492594617  1670676399   492594617 "obj_dir/Vadd_datastream_1_056_reorder.tree"
T        87  9313786  1670676399   496594847  1670676399   496594847 "obj_dir/Vadd_datastream_1_057_delayed.tree"
T      6004  9313787  1670676399   496594847  1670676399   496594847 "obj_dir/Vadd_datastream_1_058_activetop.tree"
T     47959  9313788  1670676399   496594847  1670676399   496594847 "obj_dir/Vadd_datastream_1_059_sched.tree"
T     45312  9313789  1670676399   496594847  1670676399   496594847 "obj_dir/Vadd_datastream_1_060_clock.tree"
T     45691  9313790  1670676399   496594847  1670676399   496594847 "obj_dir/Vadd_datastream_1_061_const.tree"
T        89  9313791  1670676399   496594847  1670676399   496594847 "obj_dir/Vadd_datastream_1_062_life.tree"
T        89  9313792  1670676399   496594847  1670676399   496594847 "obj_dir/Vadd_datastream_1_063_life_post.tree"
T     46226  9313793  1670676399   496594847  1670676399   496594847 "obj_dir/Vadd_datastream_1_064_const.tree"
T        89  9313794  1670676399   500595077  1670676399   500595077 "obj_dir/Vadd_datastream_1_065_deadAllScoped.tree"
T     52586  9313795  1670676399   500595077  1670676399   500595077 "obj_dir/Vadd_datastream_1_066_trace.tree"
T     40584  9313796  1670676399   500595077  1670676399   500595077 "obj_dir/Vadd_datastream_1_068_descope.tree"
T     39725  9313797  1670676399   500595077  1670676399   500595077 "obj_dir/Vadd_datastream_1_069_combine.tree"
T     39587  9313798  1670676399   500595077  1670676399   500595077 "obj_dir/Vadd_datastream_1_070_const.tree"
T     38786  9313799  1670676399   500595077  1670676399   500595077 "obj_dir/Vadd_datastream_1_071_deadAll.tree"
T     40389  9313800  1670676399   504595308  1670676399   504595308 "obj_dir/Vadd_datastream_1_072_clean.tree"
T     42670  9313801  1670676399   504595308  1670676399   504595308 "obj_dir/Vadd_datastream_1_073_premit.tree"
T        89  9313802  1670676399   504595308  1670676399   504595308 "obj_dir/Vadd_datastream_1_074_expand.tree"
T        89  9313803  1670676399   504595308  1670676399   504595308 "obj_dir/Vadd_datastream_1_075_const_cpp.tree"
T     40695  9313804  1670676399   504595308  1670676399   504595308 "obj_dir/Vadd_datastream_1_076_subst.tree"
T        89  9313805  1670676399   504595308  1670676399   504595308 "obj_dir/Vadd_datastream_1_077_const_cpp.tree"
T     40088  9313806  1670676399   504595308  1670676399   504595308 "obj_dir/Vadd_datastream_1_078_deadAll.tree"
T     41014  9313807  1670676399   508595537  1670676399   508595537 "obj_dir/Vadd_datastream_1_082_cast.tree"
T     44085  9313808  1670676399   508595537  1670676399   508595537 "obj_dir/Vadd_datastream_1_083_common.tree"
T     44166  9313809  1670676399   508595537  1670676399   508595537 "obj_dir/Vadd_datastream_1_084_variableorder.tree"
T        89  9313810  1670676399   508595537  1670676399   508595537 "obj_dir/Vadd_datastream_1_085_cuse.tree"
T     45443  9313827  1670676399   512595768  1670676399   512595768 "obj_dir/Vadd_datastream_1_990_final.tree"
T       842  9313811  1670676399   508595537  1670676399   508595537 "obj_dir/Vadd_datastream_1__Syms.cpp"
T      1190  9313812  1670676399   508595537  1670676399   508595537 "obj_dir/Vadd_datastream_1__Syms.h"
T      1940  9313822  1670676399   508595537  1670676399   508595537 "obj_dir/Vadd_datastream_1__Trace__0.cpp"
T      3510  9313821  1670676399   508595537  1670676399   508595537 "obj_dir/Vadd_datastream_1__Trace__0__Slow.cpp"
T      1145  9313815  1670676399   508595537  1670676399   508595537 "obj_dir/Vadd_datastream_1___024root.h"
T      5643  9313820  1670676399   508595537  1670676399   508595537 "obj_dir/Vadd_datastream_1___024root__DepSet_h16924622__0.cpp"
T      6092  9313818  1670676399   508595537  1670676399   508595537 "obj_dir/Vadd_datastream_1___024root__DepSet_h16924622__0__Slow.cpp"
T      1578  9313819  1670676399   508595537  1670676399   508595537 "obj_dir/Vadd_datastream_1___024root__DepSet_h899aaef0__0.cpp"
T       963  9313817  1670676399   508595537  1670676399   508595537 "obj_dir/Vadd_datastream_1___024root__DepSet_h899aaef0__0__Slow.cpp"
T       764  9313816  1670676399   508595537  1670676399   508595537 "obj_dir/Vadd_datastream_1___024root__Slow.cpp"
T     55668  9313824  1670676399   512595768  1670676399   512595768 "obj_dir/Vadd_datastream_1__stats.txt"
T      3773  9313828  1670676399   512595768  1670676399   512595768 "obj_dir/Vadd_datastream_1__ver.d"
T         0        0  1670676399   512595768  1670676399   512595768 "obj_dir/Vadd_datastream_1__verFiles.dat"
T       261  9313743  1670676399   488594387  1670676399   488594387 "obj_dir/Vadd_datastream_1_add_datastream_1.v.vpp"
T      1812  9313825  1670676399   512595768  1670676399   512595768 "obj_dir/Vadd_datastream_1_classes.mk"
