# DESCRIPTION: Verilator output: Timestamp data for --skip-identical.  Delete at will.
C "--cc --exe --build --trace --debug ALU32.v ALU32_sim.cpp"
S  96767328  5510302  1670255541   846965845  1670255541   846965845 "/usr/local/bin/verilator_bin_dbg"
S       711  9185340  1671021305   793772139  1671021305   793772139 "ALU32.v"
T      4910  9186114  1671021572    87615311  1671021572    87615311 "obj_dir/VALU32.cpp"
T      3060  9186113  1671021572    87615311  1671021572    87615311 "obj_dir/VALU32.h"
T      1838  9186125  1671021572    91615502  1671021572    91615502 "obj_dir/VALU32.mk"
T     29073  9186122  1671021572    91615502  1671021572    91615502 "obj_dir/VALU32.xml"
T      8608  9185346  1671021572    63614161  1671021572    63614161 "obj_dir/VALU32_001_cells.tree"
T     10693  9185347  1671021572    63614161  1671021572    63614161 "obj_dir/VALU32_006_linkjump.tree"
T        87  9185348  1671021572    63614161  1671021572    63614161 "obj_dir/VALU32_007_linkinc.tree"
T     10635  9185350  1671021572    63614161  1671021572    63614161 "obj_dir/VALU32_009_linkdotparam.tree"
T     11051  9185351  1671021572    67614353  1671021572    67614353 "obj_dir/VALU32_011_width.tree"
T     10542  9185352  1671021572    67614353  1671021572    67614353 "obj_dir/VALU32_013_const.tree"
T        89  9185353  1671021572    67614353  1671021572    67614353 "obj_dir/VALU32_014_assertpre.tree"
T        89  9185354  1671021572    67614353  1671021572    67614353 "obj_dir/VALU32_015_assert.tree"
T     13261  9185355  1671021572    67614353  1671021572    67614353 "obj_dir/VALU32_017_const.tree"
T     13064  9185356  1671021572    67614353  1671021572    67614353 "obj_dir/VALU32_022_begin.tree"
T        89  9185357  1671021572    67614353  1671021572    67614353 "obj_dir/VALU32_023_tristate.tree"
T     13383  9185358  1671021572    67614353  1671021572    67614353 "obj_dir/VALU32_024_unknown.tree"
T        89  9185359  1671021572    67614353  1671021572    67614353 "obj_dir/VALU32_025_dfg-extract.tree"
T     13563  9185360  1671021572    71614545  1671021572    71614545 "obj_dir/VALU32_026_dfg-optimize.tree"
T     14394  9185361  1671021572    71614545  1671021572    71614545 "obj_dir/VALU32_027_inline.tree"
T     14594  9185362  1671021572    71614545  1671021572    71614545 "obj_dir/VALU32_029_dfg-optimize.tree"
T        89  9185363  1671021572    71614545  1671021572    71614545 "obj_dir/VALU32_030_const.tree"
T     12864  9185364  1671021572    71614545  1671021572    71614545 "obj_dir/VALU32_031_deadDtypes.tree"
T        89  9185365  1671021572    71614545  1671021572    71614545 "obj_dir/VALU32_032_inst.tree"
T        89  9185366  1671021572    71614545  1671021572    71614545 "obj_dir/VALU32_033_const.tree"
T     20335  9185367  1671021572    71614545  1671021572    71614545 "obj_dir/VALU32_034_scope.tree"
T     20189  9185368  1671021572    71614545  1671021572    71614545 "obj_dir/VALU32_035_linkdot.tree"
T        89  9185369  1671021572    71614545  1671021572    71614545 "obj_dir/VALU32_036_class.tree"
T        89  9185370  1671021572    71614545  1671021572    71614545 "obj_dir/VALU32_037_const.tree"
T        89  9185371  1671021572    71614545  1671021572    71614545 "obj_dir/VALU32_038_deadDtypesScoped.tree"
T        89  9185372  1671021572    71614545  1671021572    71614545 "obj_dir/VALU32_039_case.tree"
T        89  9186070  1671021572    71614545  1671021572    71614545 "obj_dir/VALU32_040_task.tree"
T     20269  9186071  1671021572    71614545  1671021572    71614545 "obj_dir/VALU32_042_unroll.tree"
T        89  9186072  1671021572    71614545  1671021572    71614545 "obj_dir/VALU32_043_slice.tree"
T        89  9186073  1671021572    71614545  1671021572    71614545 "obj_dir/VALU32_044_const.tree"
T        89  9186074  1671021572    71614545  1671021572    71614545 "obj_dir/VALU32_045_life.tree"
T        89  9186075  1671021572    71614545  1671021572    71614545 "obj_dir/VALU32_046_table.tree"
T        89  9186076  1671021572    71614545  1671021572    71614545 "obj_dir/VALU32_047_const.tree"
T        89  9186077  1671021572    71614545  1671021572    71614545 "obj_dir/VALU32_048_deadDtypesScoped.tree"
T     20812  9186078  1671021572    71614545  1671021572    71614545 "obj_dir/VALU32_049_active.tree"
T     20825  9186079  1671021572    71614545  1671021572    71614545 "obj_dir/VALU32_050_split.tree"
T        89  9186080  1671021572    71614545  1671021572    71614545 "obj_dir/VALU32_051_splitas.tree"
T     27605  9186081  1671021572    75614736  1671021572    75614736 "obj_dir/VALU32_052_tracedecl.tree"
T     22493  9186082  1671021572    75614736  1671021572    75614736 "obj_dir/VALU32_053_gate.tree"
T        89  9186083  1671021572    75614736  1671021572    75614736 "obj_dir/VALU32_054_const.tree"
T     20215  9186084  1671021572    75614736  1671021572    75614736 "obj_dir/VALU32_055_deadAllScoped.tree"
T        89  9186085  1671021572    75614736  1671021572    75614736 "obj_dir/VALU32_056_reorder.tree"
T        89  9186086  1671021572    75614736  1671021572    75614736 "obj_dir/VALU32_057_delayed.tree"
T     20197  9186087  1671021572    75614736  1671021572    75614736 "obj_dir/VALU32_058_activetop.tree"
T     47565  9186088  1671021572    75614736  1671021572    75614736 "obj_dir/VALU32_059_sched.tree"
T     44215  9186089  1671021572    75614736  1671021572    75614736 "obj_dir/VALU32_060_clock.tree"
T     44395  9186090  1671021572    79614927  1671021572    79614927 "obj_dir/VALU32_061_const.tree"
T        89  9186091  1671021572    79614927  1671021572    79614927 "obj_dir/VALU32_062_life.tree"
T        89  9186092  1671021572    79614927  1671021572    79614927 "obj_dir/VALU32_063_life_post.tree"
T     44749  9186093  1671021572    79614927  1671021572    79614927 "obj_dir/VALU32_064_const.tree"
T        89  9186094  1671021572    79614927  1671021572    79614927 "obj_dir/VALU32_065_deadAllScoped.tree"
T     53214  9186095  1671021572    79614927  1671021572    79614927 "obj_dir/VALU32_066_trace.tree"
T     40060  9186096  1671021572    79614927  1671021572    79614927 "obj_dir/VALU32_068_descope.tree"
T        89  9186097  1671021572    79614927  1671021572    79614927 "obj_dir/VALU32_069_combine.tree"
T     39858  9186098  1671021572    79614927  1671021572    79614927 "obj_dir/VALU32_070_const.tree"
T     39246  9186099  1671021572    83615119  1671021572    83615119 "obj_dir/VALU32_071_deadAll.tree"
T     41828  9186100  1671021572    83615119  1671021572    83615119 "obj_dir/VALU32_072_clean.tree"
T     42904  9186101  1671021572    83615119  1671021572    83615119 "obj_dir/VALU32_073_premit.tree"
T     42328  9186102  1671021572    83615119  1671021572    83615119 "obj_dir/VALU32_074_expand.tree"
T     41416  9186103  1671021572    83615119  1671021572    83615119 "obj_dir/VALU32_075_const_cpp.tree"
T     40433  9186104  1671021572    83615119  1671021572    83615119 "obj_dir/VALU32_076_subst.tree"
T     40436  9186105  1671021572    83615119  1671021572    83615119 "obj_dir/VALU32_077_const_cpp.tree"
T     39684  9186106  1671021572    87615311  1671021572    87615311 "obj_dir/VALU32_078_deadAll.tree"
T     40706  9186107  1671021572    87615311  1671021572    87615311 "obj_dir/VALU32_082_cast.tree"
T     44505  9186108  1671021572    87615311  1671021572    87615311 "obj_dir/VALU32_083_common.tree"
T     44569  9186109  1671021572    87615311  1671021572    87615311 "obj_dir/VALU32_084_variableorder.tree"
T        89  9186110  1671021572    87615311  1671021572    87615311 "obj_dir/VALU32_085_cuse.tree"
T     45583  9186126  1671021572    91615502  1671021572    91615502 "obj_dir/VALU32_990_final.tree"
T       704  9185345  1671021572    59613970  1671021572    59613970 "obj_dir/VALU32_ALU32.v.vpp"
T       754  9186111  1671021572    87615311  1671021572    87615311 "obj_dir/VALU32__Syms.cpp"
T      1091  9186112  1671021572    87615311  1671021572    87615311 "obj_dir/VALU32__Syms.h"
T      1987  9186121  1671021572    87615311  1671021572    87615311 "obj_dir/VALU32__Trace__0.cpp"
T      3817  9186120  1671021572    87615311  1671021572    87615311 "obj_dir/VALU32__Trace__0__Slow.cpp"
T      1103  9186115  1671021572    87615311  1671021572    87615311 "obj_dir/VALU32___024root.h"
T      4445  9186119  1671021572    87615311  1671021572    87615311 "obj_dir/VALU32___024root__DepSet_h5a5d0907__0.cpp"
T      3368  9186117  1671021572    87615311  1671021572    87615311 "obj_dir/VALU32___024root__DepSet_h5a5d0907__0__Slow.cpp"
T      1132  9186118  1671021572    87615311  1671021572    87615311 "obj_dir/VALU32___024root__DepSet_hd6891da2__0.cpp"
T       632  9186116  1671021572    87615311  1671021572    87615311 "obj_dir/VALU32___024root__Slow.cpp"
T     59140  9186123  1671021572    91615502  1671021572    91615502 "obj_dir/VALU32__stats.txt"
T      2749  9186127  1671021572    91615502  1671021572    91615502 "obj_dir/VALU32__ver.d"
T         0        0  1671021572    91615502  1671021572    91615502 "obj_dir/VALU32__verFiles.dat"
T      1655  9186124  1671021572    91615502  1671021572    91615502 "obj_dir/VALU32_classes.mk"
