# DESCRIPTION: Verilator output: Timestamp data for --skip-identical.  Delete at will.
C "--cc --exe --build --trace --debug ALU8Functions_16bit_sim.cpp ALU8Functions_16bit.v"
S  96767328  5510302  1670255541   846965845  1670255541   846965845 "/usr/local/bin/verilator_bin_dbg"
S       812  9968419  1671441776   129610160  1671441776   129610160 "ALU8Functions_16bit.v"
T      5568 10355191  1671441835   660141797  1671441835   660141797 "obj_dir/VALU8Functions_16bit.cpp"
T      3172 10355190  1671441835   656141627  1671441835   656141627 "obj_dir/VALU8Functions_16bit.h"
T      1964 10355203  1671441835   660141797  1671441835   660141797 "obj_dir/VALU8Functions_16bit.mk"
T     38380 10355200  1671441835   660141797  1671441835   660141797 "obj_dir/VALU8Functions_16bit.xml"
T      7941 10355121  1671441835   624140266  1671441835   624140266 "obj_dir/VALU8Functions_16bit_001_cells.tree"
T      9302 10355122  1671441835   628140436  1671441835   628140436 "obj_dir/VALU8Functions_16bit_006_linkjump.tree"
T        87 10355123  1671441835   628140436  1671441835   628140436 "obj_dir/VALU8Functions_16bit_007_linkinc.tree"
T      9249 10355124  1671441835   628140436  1671441835   628140436 "obj_dir/VALU8Functions_16bit_009_linkdotparam.tree"
T     10211 10355125  1671441835   632140606  1671441835   632140606 "obj_dir/VALU8Functions_16bit_011_width.tree"
T      9830 10355126  1671441835   632140606  1671441835   632140606 "obj_dir/VALU8Functions_16bit_013_const.tree"
T        87 10355127  1671441835   632140606  1671441835   632140606 "obj_dir/VALU8Functions_16bit_014_assertpre.tree"
T        87 10355128  1671441835   632140606  1671441835   632140606 "obj_dir/VALU8Functions_16bit_015_assert.tree"
T     11871 10355129  1671441835   632140606  1671441835   632140606 "obj_dir/VALU8Functions_16bit_017_const.tree"
T     11672 10355130  1671441835   632140606  1671441835   632140606 "obj_dir/VALU8Functions_16bit_022_begin.tree"
T        87 10355131  1671441835   636140776  1671441835   636140776 "obj_dir/VALU8Functions_16bit_023_tristate.tree"
T        87 10355132  1671441835   636140776  1671441835   636140776 "obj_dir/VALU8Functions_16bit_024_unknown.tree"
T        87 10355133  1671441835   636140776  1671441835   636140776 "obj_dir/VALU8Functions_16bit_025_dfg-extract.tree"
T     11755 10355134  1671441835   636140776  1671441835   636140776 "obj_dir/VALU8Functions_16bit_026_dfg-optimize.tree"
T     12394 10355135  1671441835   636140776  1671441835   636140776 "obj_dir/VALU8Functions_16bit_027_inline.tree"
T     12505 10355136  1671441835   636140776  1671441835   636140776 "obj_dir/VALU8Functions_16bit_029_dfg-optimize.tree"
T        87 10355137  1671441835   636140776  1671441835   636140776 "obj_dir/VALU8Functions_16bit_030_const.tree"
T     11721 10355138  1671441835   636140776  1671441835   636140776 "obj_dir/VALU8Functions_16bit_031_deadDtypes.tree"
T        87 10355139  1671441835   636140776  1671441835   636140776 "obj_dir/VALU8Functions_16bit_032_inst.tree"
T        87 10355140  1671441835   636140776  1671441835   636140776 "obj_dir/VALU8Functions_16bit_033_const.tree"
T     17921 10355141  1671441835   636140776  1671441835   636140776 "obj_dir/VALU8Functions_16bit_034_scope.tree"
T     17758 10355142  1671441835   636140776  1671441835   636140776 "obj_dir/VALU8Functions_16bit_035_linkdot.tree"
T        87 10355143  1671441835   636140776  1671441835   636140776 "obj_dir/VALU8Functions_16bit_036_class.tree"
T        87 10355144  1671441835   636140776  1671441835   636140776 "obj_dir/VALU8Functions_16bit_037_const.tree"
T        87 10355145  1671441835   636140776  1671441835   636140776 "obj_dir/VALU8Functions_16bit_038_deadDtypesScoped.tree"
T     22501 10355146  1671441835   636140776  1671441835   636140776 "obj_dir/VALU8Functions_16bit_039_case.tree"
T        89 10355147  1671441835   636140776  1671441835   636140776 "obj_dir/VALU8Functions_16bit_040_task.tree"
T     22552 10355148  1671441835   636140776  1671441835   636140776 "obj_dir/VALU8Functions_16bit_042_unroll.tree"
T        89 10355149  1671441835   636140776  1671441835   636140776 "obj_dir/VALU8Functions_16bit_043_slice.tree"
T     18679 10355150  1671441835   636140776  1671441835   636140776 "obj_dir/VALU8Functions_16bit_044_const.tree"
T        89 10355151  1671441835   636140776  1671441835   636140776 "obj_dir/VALU8Functions_16bit_045_life.tree"
T        89 10355152  1671441835   636140776  1671441835   636140776 "obj_dir/VALU8Functions_16bit_046_table.tree"
T        89 10355153  1671441835   636140776  1671441835   636140776 "obj_dir/VALU8Functions_16bit_047_const.tree"
T        89 10355154  1671441835   636140776  1671441835   636140776 "obj_dir/VALU8Functions_16bit_048_deadDtypesScoped.tree"
T     18931 10355155  1671441835   640140947  1671441835   640140947 "obj_dir/VALU8Functions_16bit_049_active.tree"
T        89 10355156  1671441835   640140947  1671441835   640140947 "obj_dir/VALU8Functions_16bit_050_split.tree"
T        89 10355157  1671441835   640140947  1671441835   640140947 "obj_dir/VALU8Functions_16bit_051_splitas.tree"
T     23236 10355158  1671441835   640140947  1671441835   640140947 "obj_dir/VALU8Functions_16bit_052_tracedecl.tree"
T     19829 10355159  1671441835   640140947  1671441835   640140947 "obj_dir/VALU8Functions_16bit_053_gate.tree"
T        89 10355160  1671441835   640140947  1671441835   640140947 "obj_dir/VALU8Functions_16bit_054_const.tree"
T     18259 10355161  1671441835   640140947  1671441835   640140947 "obj_dir/VALU8Functions_16bit_055_deadAllScoped.tree"
T        89 10355162  1671441835   640140947  1671441835   640140947 "obj_dir/VALU8Functions_16bit_056_reorder.tree"
T        89 10355163  1671441835   640140947  1671441835   640140947 "obj_dir/VALU8Functions_16bit_057_delayed.tree"
T     18251 10355164  1671441835   640140947  1671441835   640140947 "obj_dir/VALU8Functions_16bit_058_activetop.tree"
T     69852 10355165  1671441835   640140947  1671441835   640140947 "obj_dir/VALU8Functions_16bit_059_sched.tree"
T     67186 10355166  1671441835   640140947  1671441835   640140947 "obj_dir/VALU8Functions_16bit_060_clock.tree"
T     67551 10355167  1671441835   644141117  1671441835   644141117 "obj_dir/VALU8Functions_16bit_061_const.tree"
T        89 10355168  1671441835   644141117  1671441835   644141117 "obj_dir/VALU8Functions_16bit_062_life.tree"
T        89 10355169  1671441835   644141117  1671441835   644141117 "obj_dir/VALU8Functions_16bit_063_life_post.tree"
T     68387 10355170  1671441835   644141117  1671441835   644141117 "obj_dir/VALU8Functions_16bit_064_const.tree"
T        89 10355171  1671441835   644141117  1671441835   644141117 "obj_dir/VALU8Functions_16bit_065_deadAllScoped.tree"
T     74894 10355172  1671441835   644141117  1671441835   644141117 "obj_dir/VALU8Functions_16bit_066_trace.tree"
T     57212 10355173  1671441835   648141287  1671441835   648141287 "obj_dir/VALU8Functions_16bit_068_descope.tree"
T     48878 10355174  1671441835   648141287  1671441835   648141287 "obj_dir/VALU8Functions_16bit_069_combine.tree"
T     48736 10355175  1671441835   648141287  1671441835   648141287 "obj_dir/VALU8Functions_16bit_070_const.tree"
T     47932 10355176  1671441835   648141287  1671441835   648141287 "obj_dir/VALU8Functions_16bit_071_deadAll.tree"
T     51832 10355177  1671441835   652141457  1671441835   652141457 "obj_dir/VALU8Functions_16bit_072_clean.tree"
T     54044 10355178  1671441835   652141457  1671441835   652141457 "obj_dir/VALU8Functions_16bit_073_premit.tree"
T     53313 10355179  1671441835   652141457  1671441835   652141457 "obj_dir/VALU8Functions_16bit_074_expand.tree"
T     51996 10355180  1671441835   652141457  1671441835   652141457 "obj_dir/VALU8Functions_16bit_075_const_cpp.tree"
T     50041 10355181  1671441835   652141457  1671441835   652141457 "obj_dir/VALU8Functions_16bit_076_subst.tree"
T        89 10355182  1671441835   652141457  1671441835   652141457 "obj_dir/VALU8Functions_16bit_077_const_cpp.tree"
T     49526 10355183  1671441835   656141627  1671441835   656141627 "obj_dir/VALU8Functions_16bit_078_deadAll.tree"
T     52557 10355184  1671441835   656141627  1671441835   656141627 "obj_dir/VALU8Functions_16bit_082_cast.tree"
T     55392 10355185  1671441835   656141627  1671441835   656141627 "obj_dir/VALU8Functions_16bit_083_common.tree"
T     55497 10355186  1671441835   656141627  1671441835   656141627 "obj_dir/VALU8Functions_16bit_084_variableorder.tree"
T        89 10355187  1671441835   656141627  1671441835   656141627 "obj_dir/VALU8Functions_16bit_085_cuse.tree"
T     56846 10355204  1671441835   660141797  1671441835   660141797 "obj_dir/VALU8Functions_16bit_990_final.tree"
T       977 10355120  1671441835   624140266  1671441835   624140266 "obj_dir/VALU8Functions_16bit_ALU8Functions_16bit.v.vpp"
T       866 10355188  1671441835   656141627  1671441835   656141627 "obj_dir/VALU8Functions_16bit__Syms.cpp"
T      1217 10355189  1671441835   656141627  1671441835   656141627 "obj_dir/VALU8Functions_16bit__Syms.h"
T      2081 10355199  1671441835   660141797  1671441835   660141797 "obj_dir/VALU8Functions_16bit__Trace__0.cpp"
T      3853 10355198  1671441835   660141797  1671441835   660141797 "obj_dir/VALU8Functions_16bit__Trace__0__Slow.cpp"
T      1230 10355192  1671441835   660141797  1671441835   660141797 "obj_dir/VALU8Functions_16bit___024root.h"
T      8228 10355197  1671441835   660141797  1671441835   660141797 "obj_dir/VALU8Functions_16bit___024root__DepSet_h10c11a19__0.cpp"
T      6326 10355195  1671441835   660141797  1671441835   660141797 "obj_dir/VALU8Functions_16bit___024root__DepSet_h10c11a19__0__Slow.cpp"
T      1629 10355196  1671441835   660141797  1671441835   660141797 "obj_dir/VALU8Functions_16bit___024root__DepSet_hcc7e5745__0.cpp"
T       993 10355194  1671441835   660141797  1671441835   660141797 "obj_dir/VALU8Functions_16bit___024root__DepSet_hcc7e5745__0__Slow.cpp"
T       800 10355193  1671441835   660141797  1671441835   660141797 "obj_dir/VALU8Functions_16bit___024root__Slow.cpp"
T     59624 10355201  1671441835   660141797  1671441835   660141797 "obj_dir/VALU8Functions_16bit__stats.txt"
T      4037 10355205  1671441835   664141967  1671441835   664141967 "obj_dir/VALU8Functions_16bit__ver.d"
T         0        0  1671441835   664141967  1671441835   664141967 "obj_dir/VALU8Functions_16bit__verFiles.dat"
T      1842 10355202  1671441835   660141797  1671441835   660141797 "obj_dir/VALU8Functions_16bit_classes.mk"
