# DESCRIPTION: Verilator output: Timestamp data for --skip-identical.  Delete at will.
C "--cc --exe --build --trace --debug SubCounter1bit_sim.cpp SubCounter1bit.v"
S  75996664  1184901  1673012804   619448687  1673012804   619448687 "/usr/local/bin/verilator_bin_dbg"
S       213 10621072  1673151143   575635375  1673151143   575635375 "SubCounter1bit.v"
T      5593 10621162  1673151167   836592407  1673151167   836592407 "obj_dir/VSubCounter1bit.cpp"
T      2807 10621161  1673151167   836592407  1673151167   836592407 "obj_dir/VSubCounter1bit.h"
T      1919 10621171  1673151167   836592407  1673151167   836592407 "obj_dir/VSubCounter1bit.mk"
T     10720 10621168  1673151167   836592407  1673151167   836592407 "obj_dir/VSubCounter1bit.xml"
T       143 10621084  1673151167   824591935  1673151167   824591935 "obj_dir/VSubCounter1bit_001_linkcells.dot"
T      2722 10621085  1673151167   824591935  1673151167   824591935 "obj_dir/VSubCounter1bit_002_cells.tree"
T      2879 10621086  1673151167   824591935  1673151167   824591935 "obj_dir/VSubCounter1bit_007_link.tree"
T        87 10621087  1673151167   824591935  1673151167   824591935 "obj_dir/VSubCounter1bit_008_linkInc.tree"
T        87 10621088  1673151167   824591935  1673151167   824591935 "obj_dir/VSubCounter1bit_010_paramlink.tree"
T      4099 10621089  1673151167   824591935  1673151167   824591935 "obj_dir/VSubCounter1bit_012_width.tree"
T      3934 10621090  1673151167   824591935  1673151167   824591935 "obj_dir/VSubCounter1bit_014_const.tree"
T        87 10621091  1673151167   824591935  1673151167   824591935 "obj_dir/VSubCounter1bit_015_assertpre.tree"
T        87 10621092  1673151167   824591935  1673151167   824591935 "obj_dir/VSubCounter1bit_016_assert.tree"
T      5054 10621093  1673151167   824591935  1673151167   824591935 "obj_dir/VSubCounter1bit_018_const.tree"
T      4970 10621094  1673151167   828592092  1673151167   828592092 "obj_dir/VSubCounter1bit_023_begin.tree"
T        87 10621095  1673151167   828592092  1673151167   828592092 "obj_dir/VSubCounter1bit_024_tristate.tree"
T        87 10621096  1673151167   828592092  1673151167   828592092 "obj_dir/VSubCounter1bit_025_unknown.tree"
T      5338 10621097  1673151167   828592092  1673151167   828592092 "obj_dir/VSubCounter1bit_026_inline.tree"
T        87 10621098  1673151167   828592092  1673151167   828592092 "obj_dir/VSubCounter1bit_028_const.tree"
T      4122 10621099  1673151167   828592092  1673151167   828592092 "obj_dir/VSubCounter1bit_029_deadDtypes.tree"
T        87 10621100  1673151167   828592092  1673151167   828592092 "obj_dir/VSubCounter1bit_030_inst.tree"
T        87 10621101  1673151167   828592092  1673151167   828592092 "obj_dir/VSubCounter1bit_031_const.tree"
T      6412 10621102  1673151167   828592092  1673151167   828592092 "obj_dir/VSubCounter1bit_032_scope.tree"
T      6284 10621103  1673151167   828592092  1673151167   828592092 "obj_dir/VSubCounter1bit_033_linkdot.tree"
T        87 10621104  1673151167   828592092  1673151167   828592092 "obj_dir/VSubCounter1bit_034_class.tree"
T        87 10621105  1673151167   828592092  1673151167   828592092 "obj_dir/VSubCounter1bit_035_const.tree"
T        87 10621106  1673151167   828592092  1673151167   828592092 "obj_dir/VSubCounter1bit_036_deadDtypesScoped.tree"
T        87 10621107  1673151167   828592092  1673151167   828592092 "obj_dir/VSubCounter1bit_037_case.tree"
T       189 10621108  1673151167   828592092  1673151167   828592092 "obj_dir/VSubCounter1bit_038_task_call.dot"
T        87 10621109  1673151167   828592092  1673151167   828592092 "obj_dir/VSubCounter1bit_039_task.tree"
T      6342 10621110  1673151167   828592092  1673151167   828592092 "obj_dir/VSubCounter1bit_041_unroll.tree"
T        87 10621111  1673151167   828592092  1673151167   828592092 "obj_dir/VSubCounter1bit_042_slice.tree"
T        87 10621112  1673151167   828592092  1673151167   828592092 "obj_dir/VSubCounter1bit_043_const.tree"
T        87 10621113  1673151167   828592092  1673151167   828592092 "obj_dir/VSubCounter1bit_044_life.tree"
T        87 10621114  1673151167   828592092  1673151167   828592092 "obj_dir/VSubCounter1bit_045_table.tree"
T        87 10621115  1673151167   828592092  1673151167   828592092 "obj_dir/VSubCounter1bit_046_const.tree"
T        87 10621116  1673151167   828592092  1673151167   828592092 "obj_dir/VSubCounter1bit_047_deadDtypesScoped.tree"
T      6715 10621117  1673151167   828592092  1673151167   828592092 "obj_dir/VSubCounter1bit_048_active.tree"
T        87 10621118  1673151167   828592092  1673151167   828592092 "obj_dir/VSubCounter1bit_049_split.tree"
T        87 10621119  1673151167   828592092  1673151167   828592092 "obj_dir/VSubCounter1bit_050_splitas.tree"
T      9283 10621120  1673151167   828592092  1673151167   828592092 "obj_dir/VSubCounter1bit_051_tracedecl.tree"
T      2356 10621121  1673151167   828592092  1673151167   828592092 "obj_dir/VSubCounter1bit_052_gate_simp.dot"
T      2185 10621122  1673151167   828592092  1673151167   828592092 "obj_dir/VSubCounter1bit_053_gate_opt.dot"
T      7145 10621123  1673151167   828592092  1673151167   828592092 "obj_dir/VSubCounter1bit_054_gate.tree"
T        87 10621124  1673151167   828592092  1673151167   828592092 "obj_dir/VSubCounter1bit_055_const.tree"
T      6173 10621125  1673151167   828592092  1673151167   828592092 "obj_dir/VSubCounter1bit_056_deadAllScoped.tree"
T        87 10621126  1673151167   828592092  1673151167   828592092 "obj_dir/VSubCounter1bit_057_reorder.tree"
T      7818 10621127  1673151167   828592092  1673151167   828592092 "obj_dir/VSubCounter1bit_058_delayed.tree"
T      7995 10621128  1673151167   828592092  1673151167   828592092 "obj_dir/VSubCounter1bit_059_activetop.tree"
T      2978 10621129  1673151167   828592092  1673151167   828592092 "obj_dir/VSubCounter1bit_060_orderg_pre.dot"
T       278 10621130  1673151167   828592092  1673151167   828592092 "obj_dir/VSubCounter1bit_061_acyc_simp.dot"
T      2901 10621131  1673151167   828592092  1673151167   828592092 "obj_dir/VSubCounter1bit_062_orderg_acyc.dot"
T      2996 10621132  1673151167   828592092  1673151167   828592092 "obj_dir/VSubCounter1bit_063_orderg_order.dot"
T      2997 10621133  1673151167   832592250  1673151167   832592250 "obj_dir/VSubCounter1bit_064_orderg_domain.dot"
T       740 10621134  1673151167   832592250  1673151167   832592250 "obj_dir/VSubCounter1bit_065_order_edges.txt"
T      2995 10621135  1673151167   832592250  1673151167   832592250 "obj_dir/VSubCounter1bit_066_orderg_done.dot"
T      8232 10621136  1673151167   832592250  1673151167   832592250 "obj_dir/VSubCounter1bit_067_order.tree"
T        87 10621137  1673151167   832592250  1673151167   832592250 "obj_dir/VSubCounter1bit_068_genclk.tree"
T      9776 10621138  1673151167   832592250  1673151167   832592250 "obj_dir/VSubCounter1bit_069_clock.tree"
T        87 10621139  1673151167   832592250  1673151167   832592250 "obj_dir/VSubCounter1bit_070_const.tree"
T        87 10621140  1673151167   832592250  1673151167   832592250 "obj_dir/VSubCounter1bit_071_life.tree"
T      9124 10621141  1673151167   832592250  1673151167   832592250 "obj_dir/VSubCounter1bit_072_life_post.tree"
T      8500 10621142  1673151167   832592250  1673151167   832592250 "obj_dir/VSubCounter1bit_073_const.tree"
T      8223 10621143  1673151167   832592250  1673151167   832592250 "obj_dir/VSubCounter1bit_074_deadAllScoped.tree"
T      8594 10621144  1673151167   832592250  1673151167   832592250 "obj_dir/VSubCounter1bit_075_changed.tree"
T     14717 10621145  1673151167   832592250  1673151167   832592250 "obj_dir/VSubCounter1bit_076_trace.tree"
T     12170 10621146  1673151167   832592250  1673151167   832592250 "obj_dir/VSubCounter1bit_078_descope.tree"
T        89 10621147  1673151167   832592250  1673151167   832592250 "obj_dir/VSubCounter1bit_079_combine.tree"
T     12013 10621148  1673151167   832592250  1673151167   832592250 "obj_dir/VSubCounter1bit_080_const.tree"
T     11697 10621149  1673151167   832592250  1673151167   832592250 "obj_dir/VSubCounter1bit_081_deadAll.tree"
T     12315 10621150  1673151167   832592250  1673151167   832592250 "obj_dir/VSubCounter1bit_082_clean.tree"
T     12828 10621151  1673151167   836592407  1673151167   836592407 "obj_dir/VSubCounter1bit_083_premit.tree"
T        89 10621152  1673151167   836592407  1673151167   836592407 "obj_dir/VSubCounter1bit_084_expand.tree"
T        89 10621153  1673151167   836592407  1673151167   836592407 "obj_dir/VSubCounter1bit_085_const_cpp.tree"
T     12380 10621154  1673151167   836592407  1673151167   836592407 "obj_dir/VSubCounter1bit_086_subst.tree"
T        89 10621155  1673151167   836592407  1673151167   836592407 "obj_dir/VSubCounter1bit_087_const_cpp.tree"
T     12204 10621156  1673151167   836592407  1673151167   836592407 "obj_dir/VSubCounter1bit_088_deadAll.tree"
T     12660 10621157  1673151167   836592407  1673151167   836592407 "obj_dir/VSubCounter1bit_092_cast.tree"
T     14849 10621158  1673151167   836592407  1673151167   836592407 "obj_dir/VSubCounter1bit_093_cuse.tree"
T     15728 10621172  1673151167   836592407  1673151167   836592407 "obj_dir/VSubCounter1bit_990_final.tree"
T       360 10621083  1673151167   824591935  1673151167   824591935 "obj_dir/VSubCounter1bit_SubCounter1bit.vpp"
T       825 10621159  1673151167   836592407  1673151167   836592407 "obj_dir/VSubCounter1bit__Syms.cpp"
T      1178 10621160  1673151167   836592407  1673151167   836592407 "obj_dir/VSubCounter1bit__Syms.h"
T      1653 10621164  1673151167   836592407  1673151167   836592407 "obj_dir/VSubCounter1bit__Trace.cpp"
T      3086 10621163  1673151167   836592407  1673151167   836592407 "obj_dir/VSubCounter1bit__Trace__Slow.cpp"
T      2660 10621167  1673151167   836592407  1673151167   836592407 "obj_dir/VSubCounter1bit___024root.cpp"
T      1000 10621165  1673151167   836592407  1673151167   836592407 "obj_dir/VSubCounter1bit___024root.h"
T      2136 10621166  1673151167   836592407  1673151167   836592407 "obj_dir/VSubCounter1bit___024root__Slow.cpp"
T     23321 10621169  1673151167   836592407  1673151167   836592407 "obj_dir/VSubCounter1bit__stats.txt"
T      3704 10621173  1673151167   840592566  1673151167   840592566 "obj_dir/VSubCounter1bit__ver.d"
T         0        0  1673151167   840592566  1673151167   840592566 "obj_dir/VSubCounter1bit__verFiles.dat"
T      1740 10621170  1673151167   836592407  1673151167   836592407 "obj_dir/VSubCounter1bit_classes.mk"
