# DESCRIPTION: Verilator output: Timestamp data for --skip-identical.  Delete at will.
C "--cc --exe --build --trace --debug add_datastream_4_sim.cpp add_datastream_4.v"
S  96767328  5510302  1670255541   846965845  1670255541   846965845 "/usr/local/bin/verilator_bin_dbg"
S       139  9313957  1670677198    69646252  1670677198    69646252 "add_datastream_4.v"
T      5334  9314039  1670677520   328815366  1670677520   328815366 "obj_dir/Vadd_datastream_4.cpp"
T      3083  9314038  1670677520   328815366  1670677520   328815366 "obj_dir/Vadd_datastream_4.h"
T      1937  9314051  1670677520   328815366  1670677520   328815366 "obj_dir/Vadd_datastream_4.mk"
T     31353  9314048  1670677520   328815366  1670677520   328815366 "obj_dir/Vadd_datastream_4.xml"
T      2492  9313969  1670677520   312814622  1670677520   312814622 "obj_dir/Vadd_datastream_4_001_cells.tree"
T      2563  9313970  1670677520   312814622  1670677520   312814622 "obj_dir/Vadd_datastream_4_006_linkjump.tree"
T        87  9313971  1670677520   312814622  1670677520   312814622 "obj_dir/Vadd_datastream_4_007_linkinc.tree"
T      2556  9313972  1670677520   312814622  1670677520   312814622 "obj_dir/Vadd_datastream_4_009_linkdotparam.tree"
T      2340  9313973  1670677520   312814622  1670677520   312814622 "obj_dir/Vadd_datastream_4_011_width.tree"
T      2091  9313974  1670677520   312814622  1670677520   312814622 "obj_dir/Vadd_datastream_4_013_const.tree"
T        87  9313975  1670677520   312814622  1670677520   312814622 "obj_dir/Vadd_datastream_4_014_assertpre.tree"
T        87  9313976  1670677520   312814622  1670677520   312814622 "obj_dir/Vadd_datastream_4_015_assert.tree"
T      3594  9313977  1670677520   312814622  1670677520   312814622 "obj_dir/Vadd_datastream_4_017_const.tree"
T        87  9313978  1670677520   312814622  1670677520   312814622 "obj_dir/Vadd_datastream_4_022_begin.tree"
T        87  9313979  1670677520   312814622  1670677520   312814622 "obj_dir/Vadd_datastream_4_023_tristate.tree"
T        87  9313980  1670677520   312814622  1670677520   312814622 "obj_dir/Vadd_datastream_4_024_unknown.tree"
T        87  9313981  1670677520   312814622  1670677520   312814622 "obj_dir/Vadd_datastream_4_025_dfg-extract.tree"
T      3790  9313982  1670677520   312814622  1670677520   312814622 "obj_dir/Vadd_datastream_4_026_dfg-optimize.tree"
T      4131  9313983  1670677520   312814622  1670677520   312814622 "obj_dir/Vadd_datastream_4_027_inline.tree"
T      4165  9313984  1670677520   312814622  1670677520   312814622 "obj_dir/Vadd_datastream_4_029_dfg-optimize.tree"
T        87  9313985  1670677520   312814622  1670677520   312814622 "obj_dir/Vadd_datastream_4_030_const.tree"
T      3464  9313986  1670677520   312814622  1670677520   312814622 "obj_dir/Vadd_datastream_4_031_deadDtypes.tree"
T        87  9313987  1670677520   312814622  1670677520   312814622 "obj_dir/Vadd_datastream_4_032_inst.tree"
T        87  9313988  1670677520   312814622  1670677520   312814622 "obj_dir/Vadd_datastream_4_033_const.tree"
T      6107  9313989  1670677520   312814622  1670677520   312814622 "obj_dir/Vadd_datastream_4_034_scope.tree"
T      5976  9313990  1670677520   312814622  1670677520   312814622 "obj_dir/Vadd_datastream_4_035_linkdot.tree"
T        87  9313991  1670677520   312814622  1670677520   312814622 "obj_dir/Vadd_datastream_4_036_class.tree"
T        87  9313992  1670677520   312814622  1670677520   312814622 "obj_dir/Vadd_datastream_4_037_const.tree"
T        87  9313993  1670677520   312814622  1670677520   312814622 "obj_dir/Vadd_datastream_4_038_deadDtypesScoped.tree"
T        87  9313994  1670677520   312814622  1670677520   312814622 "obj_dir/Vadd_datastream_4_039_case.tree"
T        87  9313995  1670677520   312814622  1670677520   312814622 "obj_dir/Vadd_datastream_4_040_task.tree"
T      6040  9313996  1670677520   312814622  1670677520   312814622 "obj_dir/Vadd_datastream_4_042_unroll.tree"
T        87  9313997  1670677520   312814622  1670677520   312814622 "obj_dir/Vadd_datastream_4_043_slice.tree"
T        87  9313998  1670677520   312814622  1670677520   312814622 "obj_dir/Vadd_datastream_4_044_const.tree"
T        87  9313999  1670677520   312814622  1670677520   312814622 "obj_dir/Vadd_datastream_4_045_life.tree"
T        87  9314000  1670677520   312814622  1670677520   312814622 "obj_dir/Vadd_datastream_4_046_table.tree"
T        87  9314001  1670677520   312814622  1670677520   312814622 "obj_dir/Vadd_datastream_4_047_const.tree"
T        87  9314002  1670677520   312814622  1670677520   312814622 "obj_dir/Vadd_datastream_4_048_deadDtypesScoped.tree"
T      6278  9314003  1670677520   312814622  1670677520   312814622 "obj_dir/Vadd_datastream_4_049_active.tree"
T        87  9314004  1670677520   312814622  1670677520   312814622 "obj_dir/Vadd_datastream_4_050_split.tree"
T        87  9314005  1670677520   312814622  1670677520   312814622 "obj_dir/Vadd_datastream_4_051_splitas.tree"
T      9461  9314006  1670677520   312814622  1670677520   312814622 "obj_dir/Vadd_datastream_4_052_tracedecl.tree"
T      7096  9314007  1670677520   312814622  1670677520   312814622 "obj_dir/Vadd_datastream_4_053_gate.tree"
T        87  9314008  1670677520   312814622  1670677520   312814622 "obj_dir/Vadd_datastream_4_054_const.tree"
T      6012  9314009  1670677520   312814622  1670677520   312814622 "obj_dir/Vadd_datastream_4_055_deadAllScoped.tree"
T        87  9314010  1670677520   312814622  1670677520   312814622 "obj_dir/Vadd_datastream_4_056_reorder.tree"
T        87  9314011  1670677520   312814622  1670677520   312814622 "obj_dir/Vadd_datastream_4_057_delayed.tree"
T      6004  9314012  1670677520   312814622  1670677520   312814622 "obj_dir/Vadd_datastream_4_058_activetop.tree"
T     47959  9314013  1670677520   312814622  1670677520   312814622 "obj_dir/Vadd_datastream_4_059_sched.tree"
T     45312  9314014  1670677520   316814808  1670677520   316814808 "obj_dir/Vadd_datastream_4_060_clock.tree"
T     45691  9314015  1670677520   316814808  1670677520   316814808 "obj_dir/Vadd_datastream_4_061_const.tree"
T        89  9314016  1670677520   316814808  1670677520   316814808 "obj_dir/Vadd_datastream_4_062_life.tree"
T        89  9314017  1670677520   316814808  1670677520   316814808 "obj_dir/Vadd_datastream_4_063_life_post.tree"
T     46226  9314018  1670677520   316814808  1670677520   316814808 "obj_dir/Vadd_datastream_4_064_const.tree"
T        89  9314019  1670677520   316814808  1670677520   316814808 "obj_dir/Vadd_datastream_4_065_deadAllScoped.tree"
T     52586  9314020  1670677520   316814808  1670677520   316814808 "obj_dir/Vadd_datastream_4_066_trace.tree"
T     40584  9314021  1670677520   320814995  1670677520   320814995 "obj_dir/Vadd_datastream_4_068_descope.tree"
T     39725  9314022  1670677520   320814995  1670677520   320814995 "obj_dir/Vadd_datastream_4_069_combine.tree"
T     39587  9314023  1670677520   320814995  1670677520   320814995 "obj_dir/Vadd_datastream_4_070_const.tree"
T     38786  9314024  1670677520   320814995  1670677520   320814995 "obj_dir/Vadd_datastream_4_071_deadAll.tree"
T     40618  9314025  1670677520   320814995  1670677520   320814995 "obj_dir/Vadd_datastream_4_072_clean.tree"
T     42897  9314026  1670677520   324815180  1670677520   324815180 "obj_dir/Vadd_datastream_4_073_premit.tree"
T        89  9314027  1670677520   324815180  1670677520   324815180 "obj_dir/Vadd_datastream_4_074_expand.tree"
T        89  9314028  1670677520   324815180  1670677520   324815180 "obj_dir/Vadd_datastream_4_075_const_cpp.tree"
T     40922  9314029  1670677520   324815180  1670677520   324815180 "obj_dir/Vadd_datastream_4_076_subst.tree"
T        89  9314030  1670677520   324815180  1670677520   324815180 "obj_dir/Vadd_datastream_4_077_const_cpp.tree"
T     40315  9314031  1670677520   324815180  1670677520   324815180 "obj_dir/Vadd_datastream_4_078_deadAll.tree"
T     41241  9314032  1670677520   324815180  1670677520   324815180 "obj_dir/Vadd_datastream_4_082_cast.tree"
T     44312  9314033  1670677520   324815180  1670677520   324815180 "obj_dir/Vadd_datastream_4_083_common.tree"
T     44393  9314034  1670677520   328815366  1670677520   328815366 "obj_dir/Vadd_datastream_4_084_variableorder.tree"
T        89  9314035  1670677520   328815366  1670677520   328815366 "obj_dir/Vadd_datastream_4_085_cuse.tree"
T     45684  9314052  1670677520   332815553  1670677520   332815553 "obj_dir/Vadd_datastream_4_990_final.tree"
T       842  9314036  1670677520   328815366  1670677520   328815366 "obj_dir/Vadd_datastream_4__Syms.cpp"
T      1190  9314037  1670677520   328815366  1670677520   328815366 "obj_dir/Vadd_datastream_4__Syms.h"
T      1952  9314047  1670677520   328815366  1670677520   328815366 "obj_dir/Vadd_datastream_4__Trace__0.cpp"
T      3522  9314046  1670677520   328815366  1670677520   328815366 "obj_dir/Vadd_datastream_4__Trace__0__Slow.cpp"
T      1145  9314040  1670677520   328815366  1670677520   328815366 "obj_dir/Vadd_datastream_4___024root.h"
T      5675  9314045  1670677520   328815366  1670677520   328815366 "obj_dir/Vadd_datastream_4___024root__DepSet_hb0f70c2b__0.cpp"
T      6092  9314043  1670677520   328815366  1670677520   328815366 "obj_dir/Vadd_datastream_4___024root__DepSet_hb0f70c2b__0__Slow.cpp"
T      1578  9314044  1670677520   328815366  1670677520   328815366 "obj_dir/Vadd_datastream_4___024root__DepSet_he68a0684__0.cpp"
T       963  9314042  1670677520   328815366  1670677520   328815366 "obj_dir/Vadd_datastream_4___024root__DepSet_he68a0684__0__Slow.cpp"
T       764  9314041  1670677520   328815366  1670677520   328815366 "obj_dir/Vadd_datastream_4___024root__Slow.cpp"
T     55853  9314049  1670677520   328815366  1670677520   328815366 "obj_dir/Vadd_datastream_4__stats.txt"
T      3773  9314053  1670677520   332815553  1670677520   332815553 "obj_dir/Vadd_datastream_4__ver.d"
T         0        0  1670677520   332815553  1670677520   332815553 "obj_dir/Vadd_datastream_4__verFiles.dat"
T       261  9313968  1670677520   312814622  1670677520   312814622 "obj_dir/Vadd_datastream_4_add_datastream_4.v.vpp"
T      1812  9314050  1670677520   328815366  1670677520   328815366 "obj_dir/Vadd_datastream_4_classes.mk"
