# DESCRIPTION: Verilator output: Timestamp data for --skip-identical.  Delete at will.
C "--cc --exe --build --trace --debug AddCounter.v AddCounter_sim.cpp"
S  75996664  1184901  1673012804   619448687  1673012804   619448687 "/usr/local/bin/verilator_bin_dbg"
S       205  9842333  1673092061   102767155  1673013178     1183046 "AddCounter.v"
T      5393  9842336  1673092424   554491650  1673092424   554491650 "obj_dir/VAddCounter.cpp"
T      2759  9842337  1673092424   554491650  1673092424   554491650 "obj_dir/VAddCounter.h"
T      1883  9842338  1673092424   554491650  1673092424   554491650 "obj_dir/VAddCounter.mk"
T     11004  9843907  1673092424   554491650  1673092424   554491650 "obj_dir/VAddCounter.xml"
T       139  9843829  1673092424   542491146  1673092424   542491146 "obj_dir/VAddCounter_001_linkcells.dot"
T      2772  9843830  1673092424   542491146  1673092424   542491146 "obj_dir/VAddCounter_002_cells.tree"
T      2928  9843831  1673092424   542491146  1673092424   542491146 "obj_dir/VAddCounter_007_link.tree"
T        87  9843832  1673092424   542491146  1673092424   542491146 "obj_dir/VAddCounter_008_linkInc.tree"
T        87  9843833  1673092424   546491314  1673092424   546491314 "obj_dir/VAddCounter_010_paramlink.tree"
T      4572  9843834  1673092424   546491314  1673092424   546491314 "obj_dir/VAddCounter_012_width.tree"
T      4130  9843835  1673092424   546491314  1673092424   546491314 "obj_dir/VAddCounter_014_const.tree"
T        87  9843836  1673092424   546491314  1673092424   546491314 "obj_dir/VAddCounter_015_assertpre.tree"
T        87  9843837  1673092424   546491314  1673092424   546491314 "obj_dir/VAddCounter_016_assert.tree"
T      5033  9843838  1673092424   546491314  1673092424   546491314 "obj_dir/VAddCounter_018_const.tree"
T      4950  9843839  1673092424   546491314  1673092424   546491314 "obj_dir/VAddCounter_023_begin.tree"
T        87  9843840  1673092424   546491314  1673092424   546491314 "obj_dir/VAddCounter_024_tristate.tree"
T        87  9843841  1673092424   546491314  1673092424   546491314 "obj_dir/VAddCounter_025_unknown.tree"
T      5297  9843842  1673092424   546491314  1673092424   546491314 "obj_dir/VAddCounter_026_inline.tree"
T        87  9843843  1673092424   546491314  1673092424   546491314 "obj_dir/VAddCounter_028_const.tree"
T      4173  9843844  1673092424   546491314  1673092424   546491314 "obj_dir/VAddCounter_029_deadDtypes.tree"
T        87  9843845  1673092424   546491314  1673092424   546491314 "obj_dir/VAddCounter_030_inst.tree"
T        87  9843846  1673092424   546491314  1673092424   546491314 "obj_dir/VAddCounter_031_const.tree"
T      6431  9843847  1673092424   546491314  1673092424   546491314 "obj_dir/VAddCounter_032_scope.tree"
T      6311  9843848  1673092424   546491314  1673092424   546491314 "obj_dir/VAddCounter_033_linkdot.tree"
T        87  9843849  1673092424   546491314  1673092424   546491314 "obj_dir/VAddCounter_034_class.tree"
T        87  9843850  1673092424   546491314  1673092424   546491314 "obj_dir/VAddCounter_035_const.tree"
T        87  9843851  1673092424   546491314  1673092424   546491314 "obj_dir/VAddCounter_036_deadDtypesScoped.tree"
T        87  9843852  1673092424   546491314  1673092424   546491314 "obj_dir/VAddCounter_037_case.tree"
T       185  9843853  1673092424   546491314  1673092424   546491314 "obj_dir/VAddCounter_038_task_call.dot"
T        87  9843854  1673092424   546491314  1673092424   546491314 "obj_dir/VAddCounter_039_task.tree"
T      6357  9843855  1673092424   546491314  1673092424   546491314 "obj_dir/VAddCounter_041_unroll.tree"
T        87  9843856  1673092424   546491314  1673092424   546491314 "obj_dir/VAddCounter_042_slice.tree"
T        87  9843857  1673092424   546491314  1673092424   546491314 "obj_dir/VAddCounter_043_const.tree"
T        87  9843858  1673092424   546491314  1673092424   546491314 "obj_dir/VAddCounter_044_life.tree"
T        87  9843859  1673092424   546491314  1673092424   546491314 "obj_dir/VAddCounter_045_table.tree"
T        87  9843860  1673092424   546491314  1673092424   546491314 "obj_dir/VAddCounter_046_const.tree"
T        87  9843861  1673092424   546491314  1673092424   546491314 "obj_dir/VAddCounter_047_deadDtypesScoped.tree"
T      6732  9843862  1673092424   546491314  1673092424   546491314 "obj_dir/VAddCounter_048_active.tree"
T        87  9843863  1673092424   546491314  1673092424   546491314 "obj_dir/VAddCounter_049_split.tree"
T        87  9843864  1673092424   546491314  1673092424   546491314 "obj_dir/VAddCounter_050_splitas.tree"
T      9252  9843865  1673092424   546491314  1673092424   546491314 "obj_dir/VAddCounter_051_tracedecl.tree"
T      2340  9843866  1673092424   546491314  1673092424   546491314 "obj_dir/VAddCounter_052_gate_simp.dot"
T      2169  9843867  1673092424   546491314  1673092424   546491314 "obj_dir/VAddCounter_053_gate_opt.dot"
T      7186  9843868  1673092424   546491314  1673092424   546491314 "obj_dir/VAddCounter_054_gate.tree"
T        87  9843869  1673092424   546491314  1673092424   546491314 "obj_dir/VAddCounter_055_const.tree"
T      6250  9843870  1673092424   550491482  1673092424   550491482 "obj_dir/VAddCounter_056_deadAllScoped.tree"
T        87  9843871  1673092424   550491482  1673092424   550491482 "obj_dir/VAddCounter_057_reorder.tree"
T      7895  9843872  1673092424   550491482  1673092424   550491482 "obj_dir/VAddCounter_058_delayed.tree"
T      8072  9843873  1673092424   550491482  1673092424   550491482 "obj_dir/VAddCounter_059_activetop.tree"
T      2974  9843874  1673092424   550491482  1673092424   550491482 "obj_dir/VAddCounter_060_orderg_pre.dot"
T       274  9843875  1673092424   550491482  1673092424   550491482 "obj_dir/VAddCounter_061_acyc_simp.dot"
T      2897  9843876  1673092424   550491482  1673092424   550491482 "obj_dir/VAddCounter_062_orderg_acyc.dot"
T      2992  9843877  1673092424   550491482  1673092424   550491482 "obj_dir/VAddCounter_063_orderg_order.dot"
T      2993  9843878  1673092424   550491482  1673092424   550491482 "obj_dir/VAddCounter_064_orderg_domain.dot"
T       740  9843879  1673092424   550491482  1673092424   550491482 "obj_dir/VAddCounter_065_order_edges.txt"
T      2991  9843880  1673092424   550491482  1673092424   550491482 "obj_dir/VAddCounter_066_orderg_done.dot"
T      8307  9843881  1673092424   550491482  1673092424   550491482 "obj_dir/VAddCounter_067_order.tree"
T        87  9843882  1673092424   550491482  1673092424   550491482 "obj_dir/VAddCounter_068_genclk.tree"
T      9851  9843883  1673092424   550491482  1673092424   550491482 "obj_dir/VAddCounter_069_clock.tree"
T        87  9843884  1673092424   550491482  1673092424   550491482 "obj_dir/VAddCounter_070_const.tree"
T        87  9843885  1673092424   550491482  1673092424   550491482 "obj_dir/VAddCounter_071_life.tree"
T      9199  9843886  1673092424   550491482  1673092424   550491482 "obj_dir/VAddCounter_072_life_post.tree"
T      8575  9843887  1673092424   550491482  1673092424   550491482 "obj_dir/VAddCounter_073_const.tree"
T      8298  9843888  1673092424   550491482  1673092424   550491482 "obj_dir/VAddCounter_074_deadAllScoped.tree"
T      8669  9843889  1673092424   550491482  1673092424   550491482 "obj_dir/VAddCounter_075_changed.tree"
T     14756  9843890  1673092424   550491482  1673092424   550491482 "obj_dir/VAddCounter_076_trace.tree"
T     12192  9843891  1673092424   550491482  1673092424   550491482 "obj_dir/VAddCounter_078_descope.tree"
T        87  9843892  1673092424   550491482  1673092424   550491482 "obj_dir/VAddCounter_079_combine.tree"
T     12033  9843893  1673092424   550491482  1673092424   550491482 "obj_dir/VAddCounter_080_const.tree"
T     11717  9843894  1673092424   550491482  1673092424   550491482 "obj_dir/VAddCounter_081_deadAll.tree"
T     12740  9843895  1673092424   550491482  1673092424   550491482 "obj_dir/VAddCounter_082_clean.tree"
T     13249  9843896  1673092424   554491650  1673092424   554491650 "obj_dir/VAddCounter_083_premit.tree"
T        89  9843897  1673092424   554491650  1673092424   554491650 "obj_dir/VAddCounter_084_expand.tree"
T     13247  9843898  1673092424   554491650  1673092424   554491650 "obj_dir/VAddCounter_085_const_cpp.tree"
T     12801  9843899  1673092424   554491650  1673092424   554491650 "obj_dir/VAddCounter_086_subst.tree"
T        89  9843900  1673092424   554491650  1673092424   554491650 "obj_dir/VAddCounter_087_const_cpp.tree"
T     12625  9843901  1673092424   554491650  1673092424   554491650 "obj_dir/VAddCounter_088_deadAll.tree"
T     13087  9843902  1673092424   554491650  1673092424   554491650 "obj_dir/VAddCounter_092_cast.tree"
T     15276  9843903  1673092424   554491650  1673092424   554491650 "obj_dir/VAddCounter_093_cuse.tree"
T     16133  9843909  1673092424   554491650  1673092424   554491650 "obj_dir/VAddCounter_990_final.tree"
T       336  9843821  1673092424   542491146  1673092424   542491146 "obj_dir/VAddCounter_AddCounter.vpp"
T       793  9842339  1673092424   554491650  1673092424   554491650 "obj_dir/VAddCounter__Syms.cpp"
T      1142  9842340  1673092424   554491650  1673092424   554491650 "obj_dir/VAddCounter__Syms.h"
T      1597  9843905  1673092424   554491650  1673092424   554491650 "obj_dir/VAddCounter__Trace.cpp"
T      2962  9843904  1673092424   554491650  1673092424   554491650 "obj_dir/VAddCounter__Trace__Slow.cpp"
T      2592  9843906  1673092424   554491650  1673092424   554491650 "obj_dir/VAddCounter___024root.cpp"
T       956  9842341  1673092424   554491650  1673092424   554491650 "obj_dir/VAddCounter___024root.h"
T      2024  9842345  1673092424   554491650  1673092424   554491650 "obj_dir/VAddCounter___024root__Slow.cpp"
T     23865  9843908  1673092424   554491650  1673092424   554491650 "obj_dir/VAddCounter__stats.txt"
T      3332  9842346  1673092424   554491650  1673092424   554491650 "obj_dir/VAddCounter__ver.d"
T         0        0  1673092424   558491819  1673092424   558491819 "obj_dir/VAddCounter__verFiles.dat"
T      1712  9842348  1673092424   554491650  1673092424   554491650 "obj_dir/VAddCounter_classes.mk"
