# DESCRIPTION: Verilator output: Timestamp data for --skip-identical.  Delete at will.
C "--cc --exe --build --trace --debug SubCounter16bit_sim.cpp SubCounter16bit.v"
S  75996664  1184901  1673012804   619448687  1673012804   619448687 "/usr/local/bin/verilator_bin_dbg"
S       215 10621533  1673151575   508516874  1673151575   508516874 "SubCounter16bit.v"
T      5643 10621623  1673151634   678810228  1673151634   678810228 "obj_dir/VSubCounter16bit.cpp"
T      2821 10621622  1673151634   678810228  1673151634   678810228 "obj_dir/VSubCounter16bit.h"
T      1928 10621632  1673151634   678810228  1673151634   678810228 "obj_dir/VSubCounter16bit.mk"
T     11079 10621629  1673151634   678810228  1673151634   678810228 "obj_dir/VSubCounter16bit.xml"
T       144 10621545  1673151634   662809609  1673151634   662809609 "obj_dir/VSubCounter16bit_001_linkcells.dot"
T      2951 10621546  1673151634   662809609  1673151634   662809609 "obj_dir/VSubCounter16bit_002_cells.tree"
T      3105 10621547  1673151634   666809764  1673151634   666809764 "obj_dir/VSubCounter16bit_007_link.tree"
T        87 10621548  1673151634   666809764  1673151634   666809764 "obj_dir/VSubCounter16bit_008_linkInc.tree"
T        87 10621549  1673151634   666809764  1673151634   666809764 "obj_dir/VSubCounter16bit_010_paramlink.tree"
T      4602 10621550  1673151634   666809764  1673151634   666809764 "obj_dir/VSubCounter16bit_012_width.tree"
T      4154 10621551  1673151634   666809764  1673151634   666809764 "obj_dir/VSubCounter16bit_014_const.tree"
T        87 10621552  1673151634   666809764  1673151634   666809764 "obj_dir/VSubCounter16bit_015_assertpre.tree"
T        87 10621553  1673151634   666809764  1673151634   666809764 "obj_dir/VSubCounter16bit_016_assert.tree"
T      5070 10621554  1673151634   666809764  1673151634   666809764 "obj_dir/VSubCounter16bit_018_const.tree"
T      4987 10621555  1673151634   666809764  1673151634   666809764 "obj_dir/VSubCounter16bit_023_begin.tree"
T        87 10621556  1673151634   666809764  1673151634   666809764 "obj_dir/VSubCounter16bit_024_tristate.tree"
T        87 10621557  1673151634   666809764  1673151634   666809764 "obj_dir/VSubCounter16bit_025_unknown.tree"
T      5361 10621558  1673151634   666809764  1673151634   666809764 "obj_dir/VSubCounter16bit_026_inline.tree"
T        87 10621559  1673151634   666809764  1673151634   666809764 "obj_dir/VSubCounter16bit_028_const.tree"
T      4235 10621560  1673151634   666809764  1673151634   666809764 "obj_dir/VSubCounter16bit_029_deadDtypes.tree"
T        87 10621561  1673151634   666809764  1673151634   666809764 "obj_dir/VSubCounter16bit_030_inst.tree"
T        87 10621562  1673151634   666809764  1673151634   666809764 "obj_dir/VSubCounter16bit_031_const.tree"
T      6546 10621563  1673151634   666809764  1673151634   666809764 "obj_dir/VSubCounter16bit_032_scope.tree"
T      6416 10621564  1673151634   670809919  1673151634   670809919 "obj_dir/VSubCounter16bit_033_linkdot.tree"
T        87 10621565  1673151634   670809919  1673151634   670809919 "obj_dir/VSubCounter16bit_034_class.tree"
T        87 10621566  1673151634   670809919  1673151634   670809919 "obj_dir/VSubCounter16bit_035_const.tree"
T        87 10621567  1673151634   670809919  1673151634   670809919 "obj_dir/VSubCounter16bit_036_deadDtypesScoped.tree"
T        87 10621568  1673151634   670809919  1673151634   670809919 "obj_dir/VSubCounter16bit_037_case.tree"
T       190 10621569  1673151634   670809919  1673151634   670809919 "obj_dir/VSubCounter16bit_038_task_call.dot"
T        87 10621570  1673151634   670809919  1673151634   670809919 "obj_dir/VSubCounter16bit_039_task.tree"
T      6477 10621571  1673151634   670809919  1673151634   670809919 "obj_dir/VSubCounter16bit_041_unroll.tree"
T        87 10621572  1673151634   670809919  1673151634   670809919 "obj_dir/VSubCounter16bit_042_slice.tree"
T        87 10621573  1673151634   670809919  1673151634   670809919 "obj_dir/VSubCounter16bit_043_const.tree"
T        87 10621574  1673151634   670809919  1673151634   670809919 "obj_dir/VSubCounter16bit_044_life.tree"
T        87 10621575  1673151634   670809919  1673151634   670809919 "obj_dir/VSubCounter16bit_045_table.tree"
T        87 10621576  1673151634   670809919  1673151634   670809919 "obj_dir/VSubCounter16bit_046_const.tree"
T        87 10621577  1673151634   670809919  1673151634   670809919 "obj_dir/VSubCounter16bit_047_deadDtypesScoped.tree"
T      6852 10621578  1673151634   670809919  1673151634   670809919 "obj_dir/VSubCounter16bit_048_active.tree"
T        87 10621579  1673151634   670809919  1673151634   670809919 "obj_dir/VSubCounter16bit_049_split.tree"
T        87 10621580  1673151634   670809919  1673151634   670809919 "obj_dir/VSubCounter16bit_050_splitas.tree"
T      9440 10621581  1673151634   670809919  1673151634   670809919 "obj_dir/VSubCounter16bit_051_tracedecl.tree"
T      2360 10621582  1673151634   670809919  1673151634   670809919 "obj_dir/VSubCounter16bit_052_gate_simp.dot"
T      2189 10621583  1673151634   670809919  1673151634   670809919 "obj_dir/VSubCounter16bit_053_gate_opt.dot"
T      7277 10621584  1673151634   670809919  1673151634   670809919 "obj_dir/VSubCounter16bit_054_gate.tree"
T        87 10621585  1673151634   670809919  1673151634   670809919 "obj_dir/VSubCounter16bit_055_const.tree"
T      6293 10621586  1673151634   670809919  1673151634   670809919 "obj_dir/VSubCounter16bit_056_deadAllScoped.tree"
T        87 10621587  1673151634   670809919  1673151634   670809919 "obj_dir/VSubCounter16bit_057_reorder.tree"
T      7955 10621588  1673151634   670809919  1673151634   670809919 "obj_dir/VSubCounter16bit_058_delayed.tree"
T      8132 10621589  1673151634   670809919  1673151634   670809919 "obj_dir/VSubCounter16bit_059_activetop.tree"
T      2979 10621590  1673151634   670809919  1673151634   670809919 "obj_dir/VSubCounter16bit_060_orderg_pre.dot"
T       279 10621591  1673151634   670809919  1673151634   670809919 "obj_dir/VSubCounter16bit_061_acyc_simp.dot"
T      2902 10621592  1673151634   670809919  1673151634   670809919 "obj_dir/VSubCounter16bit_062_orderg_acyc.dot"
T      2997 10621593  1673151634   670809919  1673151634   670809919 "obj_dir/VSubCounter16bit_063_orderg_order.dot"
T      2998 10621594  1673151634   670809919  1673151634   670809919 "obj_dir/VSubCounter16bit_064_orderg_domain.dot"
T       740 10621595  1673151634   670809919  1673151634   670809919 "obj_dir/VSubCounter16bit_065_order_edges.txt"
T      2996 10621596  1673151634   670809919  1673151634   670809919 "obj_dir/VSubCounter16bit_066_orderg_done.dot"
T      8367 10621597  1673151634   670809919  1673151634   670809919 "obj_dir/VSubCounter16bit_067_order.tree"
T        87 10621598  1673151634   670809919  1673151634   670809919 "obj_dir/VSubCounter16bit_068_genclk.tree"
T      9911 10621599  1673151634   670809919  1673151634   670809919 "obj_dir/VSubCounter16bit_069_clock.tree"
T        87 10621600  1673151634   670809919  1673151634   670809919 "obj_dir/VSubCounter16bit_070_const.tree"
T        87 10621601  1673151634   670809919  1673151634   670809919 "obj_dir/VSubCounter16bit_071_life.tree"
T      9252 10621602  1673151634   670809919  1673151634   670809919 "obj_dir/VSubCounter16bit_072_life_post.tree"
T      8621 10621603  1673151634   674810073  1673151634   674810073 "obj_dir/VSubCounter16bit_073_const.tree"
T      8341 10621604  1673151634   674810073  1673151634   674810073 "obj_dir/VSubCounter16bit_074_deadAllScoped.tree"
T      8712 10621605  1673151634   674810073  1673151634   674810073 "obj_dir/VSubCounter16bit_075_changed.tree"
T     14848 10621606  1673151634   674810073  1673151634   674810073 "obj_dir/VSubCounter16bit_076_trace.tree"
T     12279 10621607  1673151634   674810073  1673151634   674810073 "obj_dir/VSubCounter16bit_078_descope.tree"
T        89 10621608  1673151634   674810073  1673151634   674810073 "obj_dir/VSubCounter16bit_079_combine.tree"
T     12122 10621609  1673151634   674810073  1673151634   674810073 "obj_dir/VSubCounter16bit_080_const.tree"
T     11806 10621610  1673151634   674810073  1673151634   674810073 "obj_dir/VSubCounter16bit_081_deadAll.tree"
T     12841 10621611  1673151634   674810073  1673151634   674810073 "obj_dir/VSubCounter16bit_082_clean.tree"
T     13355 10621612  1673151634   674810073  1673151634   674810073 "obj_dir/VSubCounter16bit_083_premit.tree"
T        89 10621613  1673151634   674810073  1673151634   674810073 "obj_dir/VSubCounter16bit_084_expand.tree"
T     13351 10621614  1673151634   674810073  1673151634   674810073 "obj_dir/VSubCounter16bit_085_const_cpp.tree"
T     12900 10621615  1673151634   674810073  1673151634   674810073 "obj_dir/VSubCounter16bit_086_subst.tree"
T        89 10621616  1673151634   674810073  1673151634   674810073 "obj_dir/VSubCounter16bit_087_const_cpp.tree"
T     12723 10621617  1673151634   674810073  1673151634   674810073 "obj_dir/VSubCounter16bit_088_deadAll.tree"
T     13185 10621618  1673151634   678810228  1673151634   678810228 "obj_dir/VSubCounter16bit_092_cast.tree"
T     15376 10621619  1673151634   678810228  1673151634   678810228 "obj_dir/VSubCounter16bit_093_cuse.tree"
T     16278 10621633  1673151634   678810228  1673151634   678810228 "obj_dir/VSubCounter16bit_990_final.tree"
T       366 10621544  1673151634   662809609  1673151634   662809609 "obj_dir/VSubCounter16bit_SubCounter16bit.vpp"
T       833 10621620  1673151634   678810228  1673151634   678810228 "obj_dir/VSubCounter16bit__Syms.cpp"
T      1187 10621621  1673151634   678810228  1673151634   678810228 "obj_dir/VSubCounter16bit__Syms.h"
T      1673 10621625  1673151634   678810228  1673151634   678810228 "obj_dir/VSubCounter16bit__Trace.cpp"
T      3125 10621624  1673151634   678810228  1673151634   678810228 "obj_dir/VSubCounter16bit__Trace__Slow.cpp"
T      2774 10621628  1673151634   678810228  1673151634   678810228 "obj_dir/VSubCounter16bit___024root.cpp"
T      1013 10621626  1673151634   678810228  1673151634   678810228 "obj_dir/VSubCounter16bit___024root.h"
T      2165 10621627  1673151634   678810228  1673151634   678810228 "obj_dir/VSubCounter16bit___024root__Slow.cpp"
T     23923 10621630  1673151634   678810228  1673151634   678810228 "obj_dir/VSubCounter16bit__stats.txt"
T      3797 10621634  1673151634   678810228  1673151634   678810228 "obj_dir/VSubCounter16bit__ver.d"
T         0        0  1673151634   678810228  1673151634   678810228 "obj_dir/VSubCounter16bit__verFiles.dat"
T      1747 10621631  1673151634   678810228  1673151634   678810228 "obj_dir/VSubCounter16bit_classes.mk"
