# DESCRIPTION: Verilator output: Timestamp data for --skip-identical.  Delete at will.
C "--cc --exe --build --debug --trace encode_4to2_for_sim.cpp encode_4to2_for.v"
S  96767328  5510302  1670255541   846965845  1670255541   846965845 "/usr/local/bin/verilator_bin_dbg"
S       431  9184547  1670509043   156995943  1670509043   156995943 "encode_4to2_for.v"
T      5266  9184629  1670509080   540552687  1670509080   540552687 "obj_dir/Vencode_4to2_for.cpp"
T      3063  9184628  1670509080   540552687  1670509080   540552687 "obj_dir/Vencode_4to2_for.h"
T      1928  9184641  1670509080   544552644  1670509080   544552644 "obj_dir/Vencode_4to2_for.mk"
T     43284  9184638  1670509080   544552644  1670509080   544552644 "obj_dir/Vencode_4to2_for.xml"
T      5623  9184558  1670509080   512552982  1670509080   512552982 "obj_dir/Vencode_4to2_for_001_cells.tree"
T      6647  9184559  1670509080   512552982  1670509080   512552982 "obj_dir/Vencode_4to2_for_006_linkjump.tree"
T        87  9184560  1670509080   512552982  1670509080   512552982 "obj_dir/Vencode_4to2_for_007_linkinc.tree"
T      6620  9184561  1670509080   512552982  1670509080   512552982 "obj_dir/Vencode_4to2_for_009_linkdotparam.tree"
T      8748  9184562  1670509080   512552982  1670509080   512552982 "obj_dir/Vencode_4to2_for_011_width.tree"
T      8325  9184563  1670509080   512552982  1670509080   512552982 "obj_dir/Vencode_4to2_for_013_const.tree"
T        87  9184564  1670509080   512552982  1670509080   512552982 "obj_dir/Vencode_4to2_for_014_assertpre.tree"
T        87  9184565  1670509080   512552982  1670509080   512552982 "obj_dir/Vencode_4to2_for_015_assert.tree"
T      9777  9184566  1670509080   516552940  1670509080   516552940 "obj_dir/Vencode_4to2_for_017_const.tree"
T      9380  9184567  1670509080   516552940  1670509080   516552940 "obj_dir/Vencode_4to2_for_022_begin.tree"
T        87  9184568  1670509080   516552940  1670509080   516552940 "obj_dir/Vencode_4to2_for_023_tristate.tree"
T      9595  9184569  1670509080   516552940  1670509080   516552940 "obj_dir/Vencode_4to2_for_024_unknown.tree"
T        87  9184570  1670509080   516552940  1670509080   516552940 "obj_dir/Vencode_4to2_for_025_dfg-extract.tree"
T      9691  9184571  1670509080   516552940  1670509080   516552940 "obj_dir/Vencode_4to2_for_026_dfg-optimize.tree"
T     10272  9184572  1670509080   516552940  1670509080   516552940 "obj_dir/Vencode_4to2_for_027_inline.tree"
T     10386  9184573  1670509080   516552940  1670509080   516552940 "obj_dir/Vencode_4to2_for_029_dfg-optimize.tree"
T     10088  9184574  1670509080   516552940  1670509080   516552940 "obj_dir/Vencode_4to2_for_030_const.tree"
T      9011  9184575  1670509080   516552940  1670509080   516552940 "obj_dir/Vencode_4to2_for_031_deadDtypes.tree"
T        87  9184576  1670509080   516552940  1670509080   516552940 "obj_dir/Vencode_4to2_for_032_inst.tree"
T        87  9184577  1670509080   516552940  1670509080   516552940 "obj_dir/Vencode_4to2_for_033_const.tree"
T     13157  9184578  1670509080   516552940  1670509080   516552940 "obj_dir/Vencode_4to2_for_034_scope.tree"
T     13017  9184579  1670509080   516552940  1670509080   516552940 "obj_dir/Vencode_4to2_for_035_linkdot.tree"
T        87  9184580  1670509080   516552940  1670509080   516552940 "obj_dir/Vencode_4to2_for_036_class.tree"
T        87  9184581  1670509080   516552940  1670509080   516552940 "obj_dir/Vencode_4to2_for_037_const.tree"
T        87  9184582  1670509080   516552940  1670509080   516552940 "obj_dir/Vencode_4to2_for_038_deadDtypesScoped.tree"
T        87  9184583  1670509080   516552940  1670509080   516552940 "obj_dir/Vencode_4to2_for_039_case.tree"
T        87  9184584  1670509080   516552940  1670509080   516552940 "obj_dir/Vencode_4to2_for_040_task.tree"
T     18192  9184585  1670509080   516552940  1670509080   516552940 "obj_dir/Vencode_4to2_for_042_unroll.tree"
T        89  9184586  1670509080   516552940  1670509080   516552940 "obj_dir/Vencode_4to2_for_043_slice.tree"
T     15324  9184587  1670509080   516552940  1670509080   516552940 "obj_dir/Vencode_4to2_for_044_const.tree"
T     13734  9184588  1670509080   520552898  1670509080   520552898 "obj_dir/Vencode_4to2_for_045_life.tree"
T     24781  9184589  1670509080   520552898  1670509080   520552898 "obj_dir/Vencode_4to2_for_046_table.tree"
T     24586  9184590  1670509080   520552898  1670509080   520552898 "obj_dir/Vencode_4to2_for_047_const.tree"
T     23924  9184591  1670509080   520552898  1670509080   520552898 "obj_dir/Vencode_4to2_for_048_deadDtypesScoped.tree"
T     23479  9184592  1670509080   520552898  1670509080   520552898 "obj_dir/Vencode_4to2_for_049_active.tree"
T        89  9184593  1670509080   520552898  1670509080   520552898 "obj_dir/Vencode_4to2_for_050_split.tree"
T        89  9184594  1670509080   520552898  1670509080   520552898 "obj_dir/Vencode_4to2_for_051_splitas.tree"
T     27012  9184595  1670509080   520552898  1670509080   520552898 "obj_dir/Vencode_4to2_for_052_tracedecl.tree"
T     24714  9184596  1670509080   520552898  1670509080   520552898 "obj_dir/Vencode_4to2_for_053_gate.tree"
T        89  9184597  1670509080   520552898  1670509080   520552898 "obj_dir/Vencode_4to2_for_054_const.tree"
T     23666  9184598  1670509080   520552898  1670509080   520552898 "obj_dir/Vencode_4to2_for_055_deadAllScoped.tree"
T        89  9184599  1670509080   520552898  1670509080   520552898 "obj_dir/Vencode_4to2_for_056_reorder.tree"
T        89  9184600  1670509080   520552898  1670509080   520552898 "obj_dir/Vencode_4to2_for_057_delayed.tree"
T     23658  9184601  1670509080   524552856  1670509080   524552856 "obj_dir/Vencode_4to2_for_058_activetop.tree"
T     68332  9184602  1670509080   524552856  1670509080   524552856 "obj_dir/Vencode_4to2_for_059_sched.tree"
T     65666  9184603  1670509080   524552856  1670509080   524552856 "obj_dir/Vencode_4to2_for_060_clock.tree"
T     66031  9184604  1670509080   524552856  1670509080   524552856 "obj_dir/Vencode_4to2_for_061_const.tree"
T        89  9184605  1670509080   524552856  1670509080   524552856 "obj_dir/Vencode_4to2_for_062_life.tree"
T        89  9184606  1670509080   524552856  1670509080   524552856 "obj_dir/Vencode_4to2_for_063_life_post.tree"
T     66720  9184607  1670509080   528552813  1670509080   528552813 "obj_dir/Vencode_4to2_for_064_const.tree"
T        89  9184608  1670509080   528552813  1670509080   528552813 "obj_dir/Vencode_4to2_for_065_deadAllScoped.tree"
T     73597  9184609  1670509080   528552813  1670509080   528552813 "obj_dir/Vencode_4to2_for_066_trace.tree"
T     58317  9184610  1670509080   528552813  1670509080   528552813 "obj_dir/Vencode_4to2_for_068_descope.tree"
T     55122  9184611  1670509080   532552771  1670509080   532552771 "obj_dir/Vencode_4to2_for_069_combine.tree"
T     54980  9184612  1670509080   532552771  1670509080   532552771 "obj_dir/Vencode_4to2_for_070_const.tree"
T     54083  9184613  1670509080   532552771  1670509080   532552771 "obj_dir/Vencode_4to2_for_071_deadAll.tree"
T     56448  9184614  1670509080   532552771  1670509080   532552771 "obj_dir/Vencode_4to2_for_072_clean.tree"
T     58666  9184615  1670509080   536552729  1670509080   536552729 "obj_dir/Vencode_4to2_for_073_premit.tree"
T     58803  9184616  1670509080   536552729  1670509080   536552729 "obj_dir/Vencode_4to2_for_074_expand.tree"
T        89  9184617  1670509080   536552729  1670509080   536552729 "obj_dir/Vencode_4to2_for_075_const_cpp.tree"
T     56855  9184618  1670509080   536552729  1670509080   536552729 "obj_dir/Vencode_4to2_for_076_subst.tree"
T        89  9184619  1670509080   536552729  1670509080   536552729 "obj_dir/Vencode_4to2_for_077_const_cpp.tree"
T     56222  9184620  1670509080   536552729  1670509080   536552729 "obj_dir/Vencode_4to2_for_078_deadAll.tree"
T     57146  9184621  1670509080   540552687  1670509080   540552687 "obj_dir/Vencode_4to2_for_082_cast.tree"
T     60479  9184622  1670509080   540552687  1670509080   540552687 "obj_dir/Vencode_4to2_for_083_common.tree"
T     60542  9184623  1670509080   540552687  1670509080   540552687 "obj_dir/Vencode_4to2_for_084_variableorder.tree"
T        89  9184624  1670509080   540552687  1670509080   540552687 "obj_dir/Vencode_4to2_for_085_cuse.tree"
T     62048  9184642  1670509080   544552644  1670509080   544552644 "obj_dir/Vencode_4to2_for_990_final.tree"
T      1323  9184627  1670509080   540552687  1670509080   540552687 "obj_dir/Vencode_4to2_for__ConstPool_0.cpp"
T       834  9184625  1670509080   540552687  1670509080   540552687 "obj_dir/Vencode_4to2_for__Syms.cpp"
T      1181  9184626  1670509080   540552687  1670509080   540552687 "obj_dir/Vencode_4to2_for__Syms.h"
T      1986  9184637  1670509080   540552687  1670509080   540552687 "obj_dir/Vencode_4to2_for__Trace__0.cpp"
T      3560  9184636  1670509080   540552687  1670509080   540552687 "obj_dir/Vencode_4to2_for__Trace__0__Slow.cpp"
T      1169  9184630  1670509080   540552687  1670509080   540552687 "obj_dir/Vencode_4to2_for___024root.h"
T      6194  9184635  1670509080   540552687  1670509080   540552687 "obj_dir/Vencode_4to2_for___024root__DepSet_h6faa1769__0.cpp"
T      6087  9184633  1670509080   540552687  1670509080   540552687 "obj_dir/Vencode_4to2_for___024root__DepSet_h6faa1769__0__Slow.cpp"
T      1561  9184634  1670509080   540552687  1670509080   540552687 "obj_dir/Vencode_4to2_for___024root__DepSet_h9041c7ad__0.cpp"
T       953  9184632  1670509080   540552687  1670509080   540552687 "obj_dir/Vencode_4to2_for___024root__DepSet_h9041c7ad__0__Slow.cpp"
T       752  9184631  1670509080   540552687  1670509080   540552687 "obj_dir/Vencode_4to2_for___024root__Slow.cpp"
T     58173  9184639  1670509080   544552644  1670509080   544552644 "obj_dir/Vencode_4to2_for__stats.txt"
T      3727  9184643  1670509080   544552644  1670509080   544552644 "obj_dir/Vencode_4to2_for__ver.d"
T         0        0  1670509080   544552644  1670509080   544552644 "obj_dir/Vencode_4to2_for__verFiles.dat"
T      1835  9184640  1670509080   544552644  1670509080   544552644 "obj_dir/Vencode_4to2_for_classes.mk"
T       521  9184557  1670509080   512552982  1670509080   512552982 "obj_dir/Vencode_4to2_for_encode_4to2_for.v.vpp"
